5
40
81.62948315
46.4089874
18.45769497
61.92850921
50.86284684
53.65524081	609.0161668	988.6570959	59.18808631	79.15389037	9.248309095	77.00832845	74.99372283		94.93908164	6.631699213	85.77517148	42.46026578	13.31271524		
78.60730011	722.4659891	1157.172547	43.56532818	37.50559397	3.939849349	89.27558379	56.04988394		25.35605689	11.73853837	14.42481211	64.24162426	59.71641695		
27.14749175	585.3295412	820.088585	54.98743365	78.19908645	98.80021366	42.051893	92.92184248		47.21580665	90.48386636	57.15400748	69.15118069	48.41800433		
99.94695193	468.3013932	1022.134247	95.46996782	67.232872	95.69869468	69.6493034	28.44154287		62.41391194	18.71033832	53.25870046	42.45840408	4.034391929		
38.70403536	14.16527164	469.5637824	57.47907807	70.05665276	67.37797417	66.96321719	9.241458969		86.73927795	24.85810387	42.00592915	77.9541077	72.60513911		
29.8857775	337.6099925	984.3052723	57.80797212	93.15743913	69.74768736	44.29630094	22.04163066		86.57570967	19.60858453	36.03595157	12.3527283	58.75978473		
60.56686472	318.287741	687.9631887	38.93440902	94.70486077	86.32214094	77.65394301	96.79386271		83.6088536	95.45584084	59.97775891	96.24600927	44.41854655		
17.67414895	149.9408379	464.4373291	49.82208	53.60200268	69.42304002	71.20435331	30.84279404		78.23997519	96.1148587	38.84993654	45.23378051	72.11971949		
25.54486064	271.0273151	990.7651846	47.60752492	73.92984871	87.88386041	43.80645871	42.17767287		98.48305345	42.0357399	83.31995312	1.988258602	99.80112677		
33.35703312	648.0962003	1109.267206	54.62436358	75.48864882	98.23063524	65.21965677	18.63954691		14.33202641	84.97646199	99.80510303	46.77104255	92.48148498		
91.43261376	133.7385585	634.848631	12.12613217	68.21717199	97.73367414	28.01616448	10.75666309		34.85456094	48.52280333	63.75508925	61.71269736	6.50224048		
9.887743781	6.451562687	285.9429175	65.0678838	66.07543033	26.61875271	42.89724283	37.62916088		1.393125965	37.84749385	92.04226396	27.58182825	97.98935187		
10.14119483	773.3432403	1550.782417	37.50796789	36.79150188	82.93553833	34.16872143	83.20718642		15.23967802	97.48806002	59.37019988	46.73657706	15.10239068		
7.417167733	572.9968693	1182.506907	40.40785344	40.66181941	10.87660408	55.22350834	78.20934948		90.17976673	48.25030976	45.70096737	5.335670756	22.32603291		
21.66453293	304.0531714	426.3960835	40.92574163	38.44396998	76.80446896	70.320927	68.33683495		9.81745449	38.89077781	2.249424588	89.37019027	85.13605917		
86.15551651	741.2757585	1028.176883	86.41592769	20.43149256	93.99042749	76.37653714	53.43313322		57.90413054	69.04416578	19.60140087	92.323562	21.8710172		
51.83957247	495.517636	588.5834912	63.46888131	49.13863626	40.19767572	69.09412061	36.29861391		54.98034946	75.52223039	16.57280845	7.830632775	44.91859694		
18.80315949	492.4041888	972.2230909	37.39277858	21.32254456	64.32763946	52.46454728	44.31085512		90.00524493	63.40033048	57.05886881	93.53782935	52.28780268		
72.80111527	659.7442024	1304.576953	1.823611108	81.43913278	58.24032988	27.11972112	53.02116709		64.56062587	48.15329194	25.81278365	32.87074787	87.53035756		
15.83791001	369.838817	1154.450359	4.097979577	11.85658344	68.24119245	40.45662125	30.1794943		32.76382805	42.82621431	4.858115588	15.23135769	99.83757348		
18.22124666	110.1482543	245.7425393	2.469823061	73.88356409	48.25309953	72.61708627	16.77158788		63.16074662	56.96274589	82.6970836	95.69188935	43.37968977		
71.11534133	77.98467377	795.1030817	87.58511681	93.19965699	29.19199256	19.00695474	78.16299162		57.27160314	63.89410039	8.90005541	20.78069148	27.02173768		
54.89142485	343.7831987	654.8010453	70.79684557	21.55404692	5.624350569	83.82868778	77.70920113		20.74365823	10.67067123	63.6230258	69.58125364	57.79178966		
27.54214482	109.2975673	902.0537281	65.56945621	47.58690142	47.55718434	46.48859662	32.38592427		39.6759979	72.47885324	23.65120469	43.80752994	69.87751121		
29.42514769	201.6107818	449.0021194	59.75051686	95.36003548	30.78576025	95.36835868	24.86146658		58.57219153	51.5402405	29.94626722	21.1103085	94.2080183		
1.257477226	163.8014889	428.6284526	31.32183026	47.12993582	84.57912439	90.20023202	51.09337568		78.9967411	32.2461682	57.34554182	79.84507164	49.22565766		
34.96982945	779.7890053	979.773692	32.07587164	4.831529647	44.03417185	54.02020017	49.15945603		23.11365588	23.62754676	42.05454341	99.09637579	38.09339179		
78.22359836	641.1001508	837.7186566	36.80480883	11.79905766	18.70317574	43.58304478	72.86378259		38.56060713	74.72220527	67.02179797	67.97204096	27.34050105		
43.38402081	130.2101025	886.582419	64.7934463	88.3784578	21.027234	40.53595248	56.67092686		53.77623498	86.81934923	95.55402091	16.20988228	9.052718554		
91.58718736	153.3135682	638.8715231	51.98965619	57.57114582	83.27022697	87.50886119	74.31835773		57.28150717	5.602041205	62.76602369	73.25419541	41.07299908		
82.12989367	465.1842364	1163.756533	21.799118	81.51227874	84.96641583	45.57632559	61.32855358		43.64498401	63.38369576	90.68549896	66.0463974	60.24462817		
39.07421903	689.4231633	1289.823383	65.23412128	54.31837295	76.48323561	23.90387566	61.28236197		64.39063927	60.89712579	84.43745194	69.59753488	41.76832671		
67.12649172	86.17048257	555.1967344	26.49462863	5.895346071	99.07063561	91.39370768	8.071495671		87.55188644	52.70518326	73.15489619	31.57059315	52.33939546		
73.35588564	361.2056573	752.9651221	15.71314512	10.44370211	28.52156598	99.99096208	84.34327677		71.31620118	62.96361821	32.41668927	65.00781173	15.05038302		
77.27784131	583.293924	980.5057187	37.80742154	75.75825963	17.18459194	51.52920521	99.38518347		15.45739468	21.92973723	36.77190266	35.95777233	38.95947323		
73.22440901	289.310835	743.4313355	20.59683225	65.89208739	92.03982262	68.53332696	45.4676492		45.91119982	96.66749475	74.92125912	28.14109727	17.97856623		
45.49540801	628.3364807	1034.105413	91.04799869	47.69421293	56.5441677	75.33543208	74.77424771		13.71895788	14.55615342	43.9131535	3.299610313	15.47875204		
6.184803728	612.3092047	849.199272	54.39413506	19.60744174	81.43024218	56.66319022	39.75098108		45.59429928	27.78872713	19.50256793	16.25515495	57.99577086		
68.95486786	711.525734	1202.593575	60.53916749	97.69518637	45.08946853	30.57660659	54.32611774		3.208332508	79.5169614	9.426508407	75.58069617	22.22634621		
85.73855528	41.31518831	849.5988793	6.57687718	97.03821698	46.71729153	49.34197159	10.44765158		76.6837333	72.58770548	36.98636211	4.736251987	2.058280172		



# Generated with parameters M = 5, N = 40, R = 20 and D = 20