5
40
29.97023366
59.27632769
88.27833602
41.43939256
65.96095227
21.66827554	637.9278633	996.3934373	72.81555659	50.84197607	67.20017986	43.97494739	2.654902431		43.77983776	11.61842732	50.31263715	90.29844364	50.23576542		
11.29262124	457.9827002	935.3903878	48.66087174	47.74489337	70.51654058	40.99145203	87.89039702		36.68521854	78.31298369	10.27614328	24.20289841	8.303458378		
55.6917647	518.1357508	1170.23442	59.74930689	74.37640805	42.41022246	84.15340941	16.06354885		75.15351302	71.15916568	55.1173466	49.61380977	54.98627299		
68.67844356	557.5668974	1030.240576	21.19815305	90.68125994	44.34431128	80.8029002	19.05084796		65.77159077	37.28122448	40.39125382	34.9517028	68.03634814		
40.2168984	648.4717452	1014.50789	47.62703942	44.64323912	9.640777588	70.62798906	97.41631177		47.52335419	75.00810049	55.3004539	4.905313583	75.24896509		
4.112325923	196.5604565	452.7285638	66.39337365	74.08897023	28.21300879	54.39601646	53.49201955		23.82898057	89.63422558	96.7788168	48.47547232	48.07826163		
46.67781288	86.16421963	746.8994255	67.02014992	60.23890592	20.73522106	54.07994896	20.60419042		23.26797818	60.12818136	77.24234125	58.68351134	71.57084463		
31.07488165	26.69366481	115.9282376	19.57177257	85.79076259	70.62210973	45.20655055	49.65471254		90.85179593	96.66926897	14.3470867	16.59118305	7.505919376		
70.19547041	297.848806	1072.582103	34.31073399	69.7865191	98.33298988	73.0687481	69.56388917		83.3493869	96.51703372	88.26926081	80.28671669	17.64531453		
88.58513859	484.9251842	598.4499223	7.732753409	79.3230074	14.03787705	73.83513934	54.33094456		15.47412258	23.19205704	69.89805755	77.10807036	11.5682937		
39.56146222	339.8394295	993.2945572	79.48063963	34.54967249	33.81988145	84.34803765	91.58873639		45.55290516	60.56624164	4.285261304	31.9210352	25.24583661		
96.23847807	55.80180706	315.5051347	38.84277061	45.85688427	79.11363964	65.6492795	34.98004427		30.9105265	69.06522825	79.41541029	29.17920102	59.20577437		
38.42010577	342.5916432	1178.924192	49.82912319	82.9258764	83.9467249	71.664807	55.57759338		92.96570391	13.27026199	98.19073232	33.97498386	48.72831663		
54.6504051	608.9894759	784.7822733	28.82749883	7.448396305	59.31087841	51.94395226	93.96090772		73.40340379	41.12563285	94.60310068	19.64209348	60.34825441		
71.0943364	89.24954768	829.3741385	33.97687946	6.198566926	58.50939459	79.52283419	49.21652352		82.32043011	26.20446587	2.122922905	41.04416774	65.55131274		
58.12479037	114.8337088	268.4607728	47.13368021	98.78644743	43.8978654	29.9982706	29.70179156		53.15676551	47.84835959	96.19647057	5.394925884	27.87722647		
26.22611736	516.835359	1139.607628	16.21482037	67.20229813	44.46453231	11.60279315	90.81491025		36.37118387	18.65238607	50.2855868	2.731211998	60.95793438		
70.06628102	419.4439122	714.5116243	35.88720465	15.72344901	59.7498264	54.54413188	24.77827105		26.97236778	52.56928008	43.25101888	38.67259779	8.46770645		
16.36998836	74.6733099	926.7640274	75.1101512	60.92955986	1.781048911	47.54979407	61.19800218		81.19780556	92.78240179	69.1602948	37.71473117	7.509916734		
61.52231872	296.0264416	814.4854537	13.79437474	45.07893011	29.71427278	4.751891709	31.69856138		45.83315257	79.28089469	35.18542534	72.55526839	70.12618407		
53.79545218	396.1728614	701.8482758	28.0185486	32.73582502	23.10150715	33.15621149	23.74333819		83.97533963	4.508118809	47.93902173	95.09659777	37.39674519		
92.57707532	204.1048029	521.9472443	26.02614882	14.25113777	94.04062776	97.26374604	75.51049444		58.042938	99.9892693	86.24055244	64.34685262	77.54498796		
8.167581025	429.4234418	730.0729455	26.37505612	14.97418694	25.74379371	98.0327894	1.803053821		27.2085402	75.66337444	63.50885623	74.4986489	22.94932879		
64.70119122	682.424398	1342.573742	65.69133414	70.96162246	70.00159611	43.57602737	28.88157983		39.82836173	36.54953561	58.3156225	36.52357522	49.51015427		
69.34431208	582.2037475	842.4420392	49.99982148	56.91821069	20.51694398	58.63513489	61.89334572		76.63611845	13.4260644	5.433088439	93.57358662	54.28727603		
97.15130304	88.32446481	414.314106	79.81965649	60.50234343	47.85470689	53.41624138	65.17922882		45.17140203	58.82778486	38.70849586	17.39620499	7.720584205		
13.70836612	120.411208	506.3945353	55.81221078	90.77891173	50.98829761	42.20796212	62.9327834		53.84285958	27.52728707	76.7935581	36.53369615	20.35456563		
61.89191727	789.0826803	895.38633	60.56025986	84.34515437	8.774951622	1.304687953	45.53591359		41.72780556	76.58551233	42.19577533	45.46758136	97.44589568		
28.22798336	86.01018656	304.2146558	59.8207491	98.05609969	51.88094442	24.11792805	78.35628206		91.97750455	97.05400753	91.24147403	38.72543391	58.81546747		
79.83739802	390.5175869	918.5648878	41.69040373	87.81799872	27.46149855	67.34297093	71.77871566		88.62675143	49.93730111	27.57598271	61.57181919	84.36289215		
21.49964495	116.3284278	516.1291332	30.02703729	40.24456598	8.801137767	48.4837277	20.57397925		22.91718279	5.281804161	73.40748245	74.27934649	42.11221039		
19.98308214	431.2249	810.6770625	92.58450258	67.34377383	77.76370922	82.61534899	80.16501325		46.0937455	44.87517587	82.73699551	8.257960387	5.775405155		
57.85991051	13.27529486	118.1676326	47.18424753	6.570694414	39.09932283	98.67767867	86.49728324		62.644234	81.85946864	3.926527576	37.53687148	19.18846787		
95.17678904	424.5118878	641.0732192	13.02597973	18.76036467	58.77980177	73.27713182	45.80349497		66.80345271	15.10057262	14.61098037	7.763490153	27.50495274		
62.697172	725.7224949	1257.952445	88.39173931	34.13841998	24.6248375	93.19684297	73.12210599		65.93454143	42.33623166	24.6609758	31.09825991	39.11471723		
2.234501021	218.0965642	560.064196	58.64352387	18.49101439	83.84593754	86.25762799	65.23478574		66.33515762	51.96478246	73.9210617	5.460007458	43.74480266		
44.90082201	93.86358351	458.7183166	80.90713379	85.95719055	52.86454276	89.90032957	78.92467503		97.14172092	78.52815018	98.65513193	13.62354939	34.23711521		
55.35138259	304.4517545	1150.749671	87.72167286	17.59279769	94.4226837	36.27793049	60.52037389		91.54819959	56.35747604	11.43583166	51.36886708	73.79445965		
67.79306651	30.47968855	265.4661024	93.06003612	82.46922702	65.54238672	61.40451883	45.18829487		86.58871807	18.7108573	92.53606033	28.54850329	24.55021585		
21.04207205	147.34179	358.8698511	4.400210489	29.77336124	78.71847651	63.61365189	96.1665514		92.50346364	88.43509167	34.18185428	29.02491794	12.90657859		



# Generated with parameters M = 5, N = 40, R = 20 and D = 20