5
40
5.123757627
62.30816294
42.22413989
26.0223271
89.84137988
25.88841116	76.41122698	261.6071484	87.28480039	43.95894482	40.5990484	90.14345009	4.034234823		54.67040802	54.93462106	32.41031839	6.228325771	74.557132		
4.027914257	297.1242093	557.065763	28.47798005	58.13697437	71.63677798	83.59239687	35.22538364		88.16364317	83.03718896	80.53258345	21.50837497	18.62857109		
96.93385184	180.4674099	338.5266812	5.157060965	5.584726028	21.34977749	96.36242486	14.73727982		81.63260287	83.64295288	57.92698274	54.97743519	81.03624743		
94.0530307	225.759644	345.7636059	15.07749001	2.847341196	50.79894415	2.550098988	91.53615156		71.140219	41.26675416	76.56113656	18.41498738	82.56886431		
44.46699106	138.1534507	269.9569707	65.92825025	93.04985169	93.40183062	53.76573042	98.61055708		77.18624955	32.9792477	85.99416206	79.50599777	23.0842007		
69.08708918	353.84168	651.1425395	90.87415684	2.93566449	98.44518251	96.97411725	44.08260882		93.46507554	22.43277847	78.39978636	12.46249501	87.30927859		
87.40033573	35.14637447	133.8303186	97.56364799	31.50566039	60.6406766	93.70461961	32.22962873		95.1227099	89.14477996	71.12633405	27.64318364	61.45108019		
92.28376155	182.1003036	324.9691872	79.60155694	83.46692304	48.93733998	46.40075265	7.499910094		34.87041066	60.55058325	69.62135982	98.28285593	30.10786902		
4.504819505	68.9764707	303.2904738	99.82759912	78.97782645	56.05082323	50.28094158	43.7748129		50.64735821	92.88111546	53.11816343	57.57175122	1.726128971		
17.70443211	155.9490018	305.2539726	38.45513835	43.8623418	97.67440358	40.71770132	62.48482972		32.56386596	51.97906354	55.50590648	15.67157745	32.70551004		
26.37296825	154.0383502	263.7239302	84.93747302	2.266190399	56.29575635	99.7477099	82.91819421		93.36873336	54.69188191	8.198609964	90.48009213	89.51185036		
36.72122765	333.3534205	558.2655663	5.188268687	59.03786983	30.1697044	7.737131014	81.05541866		61.70046431	15.81697248	16.95741236	58.00091547	31.28837454		
17.63942512	40.91722087	302.9392326	87.57399024	12.91561439	47.92629002	11.60295208	96.27588483		19.76539622	5.111338311	63.78093675	40.17128881	39.57353556		
49.88237656	149.7505478	283.7758237	33.36373284	86.93036731	8.987664035	8.8684954	39.7672686		42.69334673	97.01913824	62.97948274	95.54489521	90.97513832		
80.87342633	372.6965906	492.4995759	12.67791393	97.41601574	62.50261357	6.53908464	54.52293706		22.80702076	50.51696539	77.07490475	60.78187585	56.12655054		
72.6089402	379.2616813	579.060486	68.45421171	95.6644241	23.98808035	90.65205034	31.47081514		22.38146455	26.83383878	27.54474145	48.17017475	39.20437072		
53.20245067	354.7818435	619.6925444	42.50148217	36.19530552	30.54941074	54.00629399	69.88921641		96.4544805	1.421496838	24.50616992	46.18124393	39.18111588		
19.35620546	168.0921438	264.7764249	95.37517131	11.24382916	10.77343641	45.24451991	13.65869454		24.79674017	62.46552384	35.28804181	94.32258307	5.526354997		
24.82546434	261.4145768	475.8443608	88.49597476	19.8161421	42.47973336	21.4472392	45.92963502		24.86649506	2.247636707	77.58875728	96.43904777	31.606726		
91.98862477	239.9183489	508.4995739	51.9513265	4.244970664	28.4154616	11.40775848	83.88906787		58.63081662	53.30894274	33.8822279	24.20844467	82.21108906		
90.69095431	225.4371699	373.6504679	84.82314612	58.88382505	1.030075529	92.49391111	13.58924802		83.42483634	97.12339799	76.85100476	55.53258501	90.39536884		
50.24373233	320.0476016	490.5045589	51.51008179	70.78353767	82.57716864	48.30179451	91.29748706		70.92956012	42.06306351	3.018365913	35.77191257	55.22794128		
64.9249824	2.849512297	291.5867534	37.41205073	90.44555983	40.08407274	68.58057212	51.47119523		24.37641757	24.87017179	39.94902857	52.84585728	46.13070217		
73.9403822	396.3874113	544.809073	80.52745247	58.39997518	83.12871704	47.1173658	92.6246221		18.54718209	14.09033572	61.40126537	49.25447413	9.400022604		
64.38205864	145.8405261	262.8415193	65.93822144	74.05620328	89.30027875	32.47015408	86.98401752		40.85785698	76.74869863	90.83935006	22.58986151	1.839637795		
14.86272759	250.3032985	430.6649284	20.36369463	75.2180529	8.397508216	28.05432786	3.786962452		33.5355121	26.148918	99.30312722	58.73381044	80.62508242		
37.54273743	240.4333991	387.5649862	45.42627208	90.99760188	57.92235595	1.98389241	23.34142006		88.435303	91.74363624	72.12811917	63.03141662	93.8709043		
30.30122807	98.79900012	313.8611257	91.95164922	27.60211871	31.88038577	93.45230684	40.32582764		83.86240281	36.09292711	63.17956823	35.2076554	62.62714947		
50.35410469	175.1880866	272.500333	2.867095624	71.42390508	84.25676605	56.7574249	68.800383		89.06059474	12.6464152	40.3636054	48.49985691	25.41091056		
65.63562803	152.6295939	407.1443937	11.64601506	55.94008704	40.83108076	81.07464978	95.29686538		68.88163338	93.74557835	10.26503759	90.55841033	94.5929353		
22.97157232	384.2573822	576.2756255	25.53327038	3.561151585	44.72492239	23.15236443	87.91076372		99.14664894	16.21008039	44.0434231	37.0783254	83.9454304		
91.32748119	290.2494885	533.7686819	55.87938553	36.03641528	6.300951237	71.78847511	60.86220907		34.64800523	59.67042729	65.61627741	17.93255639	2.019429761		
58.50907066	317.0659326	567.1908146	4.245092694	70.77043751	52.03082778	16.60506073	57.50584881		22.80675241	34.01380187	92.31410329	99.90994911	88.87066803		
57.93806137	202.4112587	304.3283695	47.68826148	40.00037833	10.27648773	21.47181766	77.63174216		18.75837806	36.51278637	74.96921266	92.73020334	9.215908823		
88.04555985	182.56202	306.7349186	24.67178241	5.965312079	2.470747388	46.54152306	77.14955874		2.92755741	98.78680727	36.69706066	53.70210004	30.44370947		
94.85772095	282.9327157	435.6644267	12.24036719	37.15906238	55.84188616	24.71622396	74.78551192		12.12912968	28.07220181	88.00666203	15.84883056	55.02545143		
63.37871161	4.395658111	76.7894619	16.39418035	24.76163306	24.06548621	32.20827284	66.52435129		10.64397316	47.36174732	6.939704893	46.0438503	75.70410699		
43.23273399	357.2188087	507.5015241	19.63044101	4.97644211	49.0041301	36.47395218	75.83848434		1.651113071	15.71630764	82.67939691	13.08554359	23.34965565		
35.4072752	361.2428964	623.3676179	35.79226555	29.66286682	90.94054995	68.19664761	72.56846525		51.04452317	32.34966794	67.84715986	32.4980877	21.93029984		
11.92949764	195.7733927	331.3770421	98.64228506	18.37304023	67.81165775	38.05909377	51.97402803		87.35191178	6.036352689	61.3120024	73.94684527	35.46442215		



# Generated with parameters M = 5, N = 40, R = 10 and D = 5