5
40
65.93448092
81.20347877
94.19741722
85.45186336
78.9781426
10.2507077	83.30559383	363.0119534	29.06234566	22.10970209	90.92395119	36.9978712	62.10728952		63.42633738	65.08726526	50.61549452	7.304949589	76.74062852		
87.78914254	427.8802672	554.6778325	72.86515462	92.56481582	42.17771415	87.83760278	83.06129444		28.95536058	8.847083974	42.54181529	30.19302046	38.20823037		
48.9085694	110.6910807	268.9623679	80.7762402	90.17361238	13.81615101	33.30037332	54.84452202		40.46641088	47.06757266	79.73315141	41.83548681	62.79813571		
21.70721487	362.804092	477.154925	97.62620377	70.47528561	48.96790068	8.28808693	82.37609784		45.51315832	78.60925555	58.72940782	34.42413523	5.988764209		
87.92000322	27.80153811	152.4321434	92.45313081	83.24519615	14.25949863	43.00932697	46.08861254		47.65364787	40.84645725	75.05137519	38.93912924	17.08579046		
63.24417754	397.0823917	506.5706881	65.51327234	44.74520529	66.70908081	70.70379478	56.37521592		63.17731908	25.26210089	94.25972168	16.18797371	65.60775747		
89.2578628	750.4391933	854.08351	86.91518219	22.8924853	34.00915654	61.39757053	62.36065241		15.73276419	1.144600715	83.27517193	9.862329872	27.55204031		
18.57323517	86.78230515	347.0204698	61.696232	24.54645731	72.57736201	28.07478417	4.101103527		41.86259974	65.92371032	98.76562959	32.51344724	10.83041194		
19.38727193	724.5535221	815.8371903	44.03035596	19.2649578	55.2727713	84.75393423	13.78092751		36.52755072	56.58703772	49.15513684	17.16443926	13.95471431		
5.192408494	466.5998354	726.3098244	21.08882898	54.86079342	84.0951462	41.22036293	10.53215002		2.254177487	24.26829081	5.47625167	38.18674051	27.82907459		
32.68229342	314.8217214	469.9327068	72.49848816	49.25043399	56.16590782	9.526825253	18.20673098		10.53048107	36.48146205	90.70449299	33.46529789	54.14619984		
95.940546	770.2106571	1032.168307	38.38182241	33.78031991	56.03782239	16.57750234	92.85514483		46.541733	13.1666919	30.63191943	76.62846337	76.6359836		
85.55280217	429.1534846	540.5606221	60.55164665	57.13412955	28.07017388	78.93709356	33.46260066		31.74795388	74.7458278	56.65097124	36.73993713	81.58046809		
78.5836814	518.8326524	627.2835539	23.08353512	42.637771	61.51443436	48.24907308	63.70378823		80.49763371	41.58794527	98.23906722	62.94928027	96.76919691		
27.11175994	447.5938734	704.0392068	69.46343591	26.59012046	43.84552187	24.37805023	13.71787544		11.08015192	19.49564589	87.6737861	29.10304923	3.272466566		
72.65061936	338.2056303	564.3508867	77.96059882	25.5101414	19.79270638	40.10261209	94.5353018		92.09568311	65.35851814	32.26040368	32.71305548	92.21379408		
8.605830517	323.8480063	569.345172	36.48590738	29.71620837	47.50767104	90.97037907	63.81074913		59.38171377	39.37050247	66.29859914	22.61017142	61.10277603		
60.75689342	462.8022262	661.4103203	2.747625435	50.78831255	19.28423879	79.83068527	78.01690204		80.99319454	80.74749305	71.74140278	47.47686141	39.1531783		
97.83720964	560.2352525	696.8880249	84.58573076	5.830881719	14.67433723	20.64247603	11.27361995		81.63311551	45.34667867	89.44553869	64.80653854	88.24619147		
85.71558502	242.9992283	502.4373211	52.21989908	69.27510681	95.51487819	13.60792015	22.79539099		51.36005035	10.22258902	20.59292271	56.4618478	46.07924785		
42.54401783	79.88939475	184.8335862	77.54053754	20.90136578	96.39383341	97.13915598	86.3321278		98.76860128	48.60823398	52.26356371	93.87880144	8.623463777		
76.61038074	74.71039094	200.4644803	3.883010919	81.33877214	52.70624275	14.67548673	17.49679189		86.64031498	10.90217507	94.87558391	16.69531623	52.31404944		
19.47483081	410.67511	641.0463352	31.32555252	66.83485959	99.36919773	43.82095461	4.751208386		83.93446515	32.30018482	24.46004084	21.73302693	64.10349792		
63.82590724	158.9526795	349.4145347	61.34383001	75.73778615	22.88366234	41.13582762	60.77581071		41.64408204	64.49316902	96.85605329	29.81521112	34.10687816		
12.97896812	728.3130122	841.9029799	84.38188843	63.77814005	67.62939463	11.06311984	86.13595923		54.78745675	6.291271108	46.86067836	93.48067277	3.729157575		
35.16160397	505.4273265	660.9306782	68.26923815	30.17186916	61.70680855	5.526589126	34.28891693		98.07768429	74.55150762	34.75684467	80.63152407	59.64137898		
22.00125944	432.9755592	591.7625279	98.25233737	95.56672825	70.08856571	11.5154206	66.58795572		33.4888117	29.33853823	7.317229498	85.26109927	46.87400644		
86.14817085	301.5682784	433.2833813	21.30979523	22.1090314	69.28683999	87.65526199	58.20653178		52.75045997	68.72285647	56.23039898	47.35899349	97.50382814		
64.2668894	650.9554537	696.2806387	9.091561075	12.58428422	22.76559254	20.67564294	4.490021069		96.01541551	20.93389435	6.472192328	50.80787407	27.19911593		
62.15179343	349.6857739	489.811687	89.76144887	36.56274798	52.82285202	29.33247417	6.377839601		68.00582719	59.91580901	76.5120953	30.50514229	4.079774166		
75.73666821	469.7794783	691.4598806	67.89137919	60.36406035	31.41658323	42.25646173	84.23183627		17.97202342	63.47690069	32.21093686	6.588054105	90.77861654		
43.4559044	441.6084328	656.5531748	64.74624959	12.26912838	67.57154608	23.75654351	9.915092181		30.83007049	74.98396692	43.7991751	52.62549598	1.125482401		
83.52284098	169.6688616	408.0057911	3.776086169	31.35052505	83.40597529	46.32901862	20.40254143		30.00847271	52.49044071	18.4032847	96.56028885	5.421763944		
80.22984745	407.8298206	678.7615105	8.217712724	54.77842737	84.65332777	13.14813717	77.73710986		7.441791898	82.72268871	38.47260093	50.37134631	43.94258384		
94.04552242	123.2045526	349.9549993	56.29115992	69.09958852	8.432877331	74.87991012	27.6885666		75.73872254	90.42714108	23.85013244	87.65158386	85.72073847		
39.00362376	358.1174201	525.3428851	23.98919122	28.80322345	57.2545118	66.57391971	35.78362927		21.21602628	95.51819959	83.52292705	68.81233339	72.91457683		
8.716132545	230.5134355	366.4999438	77.46358894	98.2061565	54.06745395	61.90028125	89.74453168		1.944415498	18.71478422	51.48802859	16.12939799	29.36131711		
61.27885557	376.5218742	661.9143936	70.48681698	51.73981524	42.28041025	36.49631118	98.92170265		27.27923686	58.33863632	94.96351469	50.03802411	92.74482503		
17.02838973	753.0400289	965.4826109	23.61529295	3.009100815	91.93417754	30.48793722	55.74912899		78.38972723	15.10623543	6.266948386	47.5202107	83.5477884		
15.43469651	746.0678023	880.0649443	1.720146881	21.99450384	23.17362072	77.86087536	5.810380377		43.84468372	46.26491987	7.723550535	57.87322689	70.33109743		



# Generated with parameters M = 5, N = 40, R = 20 and D = 5