5
40
10.78691055
96.07117494
11.7839497
70.74346917
10.73439972
58.97924511	86.76759083	782.5264012	48.23554826	27.99190369	22.66837397	83.91273666	24.38089328		74.65248897	27.99676019	69.15556206	1.428976215	54.23462035		
9.00036654	59.86567452	413.8751626	42.07853002	76.99574265	13.09158264	38.92487007	23.53817487		77.44533911	14.74657027	40.16554775	85.05797198	53.70821677		
99.3599116	52.62255099	922.775627	54.79522239	12.26911871	17.13394778	95.9071646	59.41058729		5.025535571	15.08190311	38.09502894	51.64420064	57.67839438		
60.44341643	61.12260512	240.1581066	14.51945736	6.041314677	49.17208981	71.20070217	41.23643036		74.61752613	89.52352179	59.56397967	99.17301747	74.21242409		
44.99578997	132.750678	884.645606	84.70539144	4.026638687	90.50093133	52.88001401	12.73677094		25.65324879	19.64468661	92.10212892	43.5182637	95.01727152		
49.81125463	30.17236943	121.3516616	65.30981685	3.2383496	36.97273177	38.3074734	11.18164026		48.37420243	72.79005175	83.26907138	1.715686872	87.92345617		
68.45602612	111.6065044	419.2337	87.47951858	27.92178338	86.61938614	39.78328012	63.12359236		39.99075022	57.47425796	40.1190401	29.67227018	47.23879089		
17.76859337	138.8838196	385.2891673	12.58398078	81.29142804	36.50472441	78.91968843	56.52825887		8.139344522	82.07051527	47.04907088	77.1348091	16.01539477		
4.085438122	73.64266318	799.3017782	22.19480567	27.4110349	92.45282828	50.15962892	7.255330602		96.1349571	97.74047289	5.472708524	5.266877554	38.90686863		
43.0320558	140.7569917	405.7824315	5.010211494	51.99317484	49.22126836	63.92045381	26.45752031		6.422933651	15.9822534	29.12519985	22.78477892	46.13155977		
52.9276905	149.7967115	769.5500312	1.613487749	28.1155062	19.87261685	43.15743695	60.54850826		64.07245419	6.106008675	66.25144572	84.71165186	74.66684518		
72.44126706	20.38141132	186.4190473	73.79101357	74.78823219	77.68941844	73.34856561	10.06122276		17.42231095	41.04911965	90.53403203	74.46144469	61.70377073		
84.58736269	35.05374081	276.4303305	64.41813476	12.20873276	39.09873772	35.88384553	50.12547696		53.99173289	25.94842753	18.26700929	35.4052888	34.11192945		
57.05078174	87.39600046	344.8987647	97.81483722	76.80606158	25.82941905	83.03184539	47.13131957		5.914213336	53.04047131	9.912208564	38.82898117	37.80335862		
70.6919081	130.8013493	873.0788707	91.44536051	47.38642799	4.986745359	10.75523557	17.1516732		18.55931347	63.43090732	44.12091369	37.53070416	88.83977519		
2.757142815	77.17864116	732.6292833	38.82092288	45.31712486	36.82566429	46.29997113	12.52424558		65.36065553	62.16648018	57.44727588	70.56669459	88.88438902		
64.05116746	165.5239103	283.4836648	99.71546811	94.29840394	28.50373922	30.3920754	49.52842998		12.90048687	22.97993981	96.07608471	27.54273866	85.3017475		
69.0948911	72.62593522	471.3657793	23.77618625	72.4460988	91.31965747	43.17260199	30.22417562		97.54700162	88.67653445	9.99992359	40.81046306	52.9580087		
81.15171453	97.55491627	307.6862757	39.94851169	35.6379892	63.13193517	71.90074938	5.438607115		37.86501925	1.029002078	35.39782674	61.94987485	38.27253627		
16.31796442	76.58540318	586.8040346	1.511807297	22.58934819	51.41774678	4.429668757	34.94670884		31.80797226	68.90103313	47.39990726	57.87904302	85.10963918		
38.664312	115.1812613	564.0126042	21.13591626	4.769387582	67.29585647	77.90466476	73.78840771		84.11192383	92.37550932	70.74607194	61.10185339	21.76441553		
22.36506202	136.5543925	246.9726464	46.43449082	94.69808929	99.22548943	72.0913365	7.757541784		93.75332571	20.6411779	43.8414558	69.97735435	25.15831896		
23.19133133	92.51438689	608.3868898	90.41076597	33.48982954	61.83502067	11.49063425	27.78719226		31.48775252	19.05878608	6.089513067	76.67443441	92.11281301		
29.39881926	74.20579845	401.2338941	76.98637807	46.96221404	25.33807446	32.85598388	56.9451943		70.38371612	55.41590289	38.0225279	30.20485966	28.98245276		
52.43140728	152.7986182	740.5719564	36.77639755	60.7995954	77.85835321	82.12022015	42.97803948		55.14032796	82.27640919	67.94562775	43.71448741	46.49116773		
85.91558875	135.606949	770.201615	67.34296687	63.33293626	79.74249894	96.78125592	32.53210998		47.50996857	83.85454495	57.09625208	13.12299033	89.90228974		
71.32808861	171.7564254	1006.869938	57.88463754	23.53366608	91.23578954	45.61912624	11.83267677		85.35672636	32.88932268	75.98255116	85.51497045	35.3657219		
21.36585228	112.7083245	644.0298411	34.69219026	35.03098904	21.96808287	20.20766472	71.07859025		29.88255517	35.09699999	10.84711103	93.52887085	48.49197575		
8.256388406	23.58631686	560.2480019	73.88230016	8.081719489	66.5193018	41.97122102	44.86682486		85.51466472	87.24599746	61.43885869	24.27222223	22.06042501		
33.10712781	41.40513536	695.1757141	72.76063846	7.215380475	31.20268159	6.909856363	35.31562105		57.30265107	19.1044861	24.45278901	49.52612192	1.169823696		
31.33312386	57.5096007	379.4762621	68.67369892	18.24512765	95.89912146	10.10160425	45.53158054		99.95161004	10.48085643	48.95461492	63.80361356	19.72238557		
93.7599626	155.7007432	381.085772	76.44774403	2.449684484	56.31868641	67.42198372	36.99203681		54.23076161	74.23650874	15.49913609	12.97198743	57.02948523		
25.57645815	197.5189919	576.7357368	15.21588724	16.6628581	29.67160389	25.01088972	84.20666545		86.10542399	58.46259642	97.72614796	93.96836245	47.83246622		
65.75090832	130.9149558	369.3660927	67.00045482	67.86046503	61.82003388	69.411242	90.31809102		94.20929281	19.02888603	9.959881989	84.01628703	64.1638129		
88.57217509	178.3495003	576.4015119	37.91592668	91.40895461	38.60371892	35.41824038	32.95766999		36.35826154	35.29557802	42.75432866	87.71590688	88.84155147		
33.8469531	132.6253404	560.5891474	96.32417298	94.27975053	38.86987628	96.92949568	47.40031444		61.94360226	87.43897987	94.80961086	7.347134	84.0687034		
76.94624409	127.7778965	329.6886219	87.56240186	26.65042512	19.2463016	74.16414055	30.17814783		58.82518357	83.72002005	41.25097053	92.50295105	95.01277843		
96.76599984	27.3938169	393.8532811	97.21338968	45.01342106	92.50903282	54.63707556	15.60112243		75.40526988	54.06276137	16.92438162	8.571466538	74.30264617		
69.53566968	193.6916601	1038.298927	92.51424769	28.40368789	7.399707446	46.36831362	51.81651414		48.18675365	23.61983938	25.74823459	14.80760823	68.17860512		
74.34217062	126.7932521	340.9384281	19.62242642	93.12312686	21.95614103	12.80925106	92.82880218		57.08353598	65.31772282	93.08374021	73.62219037	9.471474109		



# Generated with parameters M = 5, N = 40, R = 5 and D = 20