5
40
43.0766601
23.96739499
65.57659882
26.91686435
83.67378304
61.24371459	17.48750949	181.6443093	68.68351697	70.25549306	14.52442929	82.24695574	74.73349127		9.474933853	6.166565788	34.62059544	4.789435138	86.93150802		
24.09607384	16.09478411	379.0153612	76.78334016	90.31947547	70.47849193	66.12274302	72.16796292		28.43919367	27.70172032	43.06595459	57.57280378	49.05280871		
30.64869783	9.510668063	406.1390123	98.11531255	29.03578342	18.41937769	12.85908082	45.19499163		32.35116285	41.49167377	60.2537127	57.04496352	13.77855758		
48.60983582	36.81652229	192.655025	90.1282879	21.30225607	70.01322035	98.92446128	61.70368891		90.63683533	18.61729548	36.06003191	50.56808992	39.52032512		
87.80273043	5.039313093	344.1884523	98.86224218	42.73611892	41.96239828	18.10563335	14.95309317		70.19662541	83.25199034	76.0722095	25.59751721	69.06906503		
57.15184708	33.64852384	181.0796584	74.6754877	37.60558403	12.05682285	52.20039696	84.17908709		66.06940842	17.62592685	39.99322419	76.45898146	86.39237043		
51.84096096	7.345724773	886.3837346	1.958994003	36.97045476	30.97360171	82.22954745	14.68912206		13.26679793	83.86583785	23.73393081	46.82954048	19.74856901		
17.48020241	27.75091167	761.0732911	61.44649595	23.87544526	1.971402066	88.74063588	10.17553683		33.67815	73.82818922	83.67201935	52.60611597	58.65579976		
22.45362147	37.31173593	750.9683588	70.75027115	99.02920629	9.15056814	65.21183347	59.31284128		45.78256803	65.90285184	27.45220624	97.78535132	99.75132089		
83.09566728	38.01412477	557.8103884	47.8948039	68.11442315	3.947370432	84.10623678	64.13877663		55.65532319	76.61999499	61.63058224	81.09159059	63.055027		
66.93154804	33.62807754	843.7748402	18.46778079	16.03200493	43.31090435	57.40068989	72.418967		1.434366777	82.88995199	63.9865651	2.718501844	56.67043961		
52.93390472	10.77612696	845.5315545	79.30750756	88.86571444	67.66712625	87.23222785	55.98865753		93.78554013	51.15197018	19.40172049	30.63373735	96.37652182		
22.35882698	29.83259517	632.9644185	33.82249996	7.556805793	71.82415099	28.65523353	21.78524864		57.4736677	62.64945798	47.18967844	3.617348176	5.954683807		
25.34575391	30.87049604	448.0049714	97.68132758	21.48833899	84.1979397	46.50176115	70.72514141		94.52935513	91.27224339	11.33606247	25.53594925	97.27867587		
22.19730809	35.38585353	450.3720909	16.20339163	81.256806	97.8510685	8.016698108	52.49579627		26.06238425	98.97516265	5.680644619	62.50507414	60.53886465		
31.15308152	6.390941198	253.7648754	76.07931459	59.4469968	65.05941555	66.34332684	5.395662599		7.339387909	2.784556819	5.307231057	39.82920265	56.91083426		
87.42864651	22.96960332	762.3801243	35.21531935	97.58691535	32.38056258	93.60278974	71.27562742		48.74382469	53.87444846	23.12671758	12.41867788	40.40277097		
16.23648688	22.7244615	776.6166027	58.12627802	77.91535304	26.49319653	92.72299815	57.12313564		88.42549721	93.68257428	87.92719758	52.92595699	95.35231711		
26.72505289	1.358983975	234.8897695	25.28569036	59.06986567	37.61402247	2.751640721	3.88856907		29.18909276	16.84523446	9.34558071	12.05978925	77.17954188		
68.52978673	31.49916044	187.409344	37.66725857	41.48765181	7.551970001	17.0976436	29.29623874		60.79326483	71.15365661	59.89551626	72.10861489	53.93818317		
95.8201795	21.23962087	880.584995	39.54302585	71.31564572	11.69575247	53.81694907	54.35824721		73.780785	54.61779369	36.28228451	34.03649169	53.93529538		
84.8825017	15.072247	275.9924055	89.06166343	51.24475598	70.19568104	32.15937916	31.7160199		3.033028521	25.04701555	38.43032669	68.33229344	35.25430535		
97.71776805	9.954439752	342.8276211	61.31956128	99.4862366	56.79199856	98.86856354	30.90429841		18.28872542	57.36274758	69.5540512	17.77910943	52.93055606		
74.76254211	30.90380427	824.3395096	34.90764135	1.463203124	50.30010008	8.595045275	85.45029683		52.32991779	26.00720151	8.095590849	57.90398786	44.80031487		
58.89316409	3.627435625	630.4678803	88.31780877	51.60202482	11.55922934	12.95947648	5.899784006		62.69609868	10.65616587	66.67397701	11.67941085	43.52089915		
96.42825629	15.63541631	810.7549039	89.36601007	89.55884523	7.942058153	85.78660318	51.72887153		58.28183894	49.04335598	91.41938	17.54377963	71.88622994		
16.13280263	22.22402952	670.1090409	77.4544327	98.84977981	64.39292959	61.10544873	27.90304114		86.51821254	9.271242328	50.38184593	4.518015378	49.04919689		
42.64941363	8.681083358	490.1725796	33.10394889	60.92200409	66.08506404	44.36247897	95.61372447		50.33878311	62.73152954	61.57792099	59.83724676	24.00726954		
99.5528454	17.17289223	725.7284251	66.57491297	7.773527416	14.75513867	48.33115745	72.8781135		40.87556354	83.41313168	47.00778089	79.84612674	47.71721937		
11.64612401	13.88407845	740.0363126	6.959483287	26.86691489	97.35537696	60.05429495	27.49986544		49.01993194	72.95893567	50.87340541	70.47966372	82.35214682		
12.96223061	39.33816675	638.66886	36.34214601	32.88439856	74.46338997	45.72653565	75.4204379		80.70225526	99.54345676	71.26285011	27.63511938	89.05346221		
42.39810319	6.788682681	646.9686082	23.1111072	44.59056306	20.8687875	57.42312053	85.49527982		15.96063838	28.23893539	74.93622931	12.77664498	69.42699043		
53.53898206	8.195994958	655.4323641	96.83161545	3.519955388	8.525368705	65.00175807	73.78398432		53.58674554	38.09451919	43.76483782	2.843145478	61.02155801		
45.34427517	20.66470002	375.6910662	36.38605185	59.85900995	81.59545268	79.47756916	89.7581901		1.272821752	35.96567236	25.64829487	69.69265679	96.86051687		
15.9998383	39.27614167	696.6243142	86.17101792	83.09697721	97.37184463	89.59221146	56.9061878		64.86621549	91.58968593	32.74702598	55.32431849	20.62566373		
52.93547833	22.91723449	623.495103	3.754356801	68.8525082	20.30171835	51.69681163	78.72990613		31.31393482	36.48958895	21.01168719	21.56268807	45.14725838		
96.54340353	26.045077	684.3348191	41.15984736	86.82344621	20.86747035	77.74541859	78.32800991		19.12029344	63.95390113	89.926659	40.86470721	60.35499563		
64.69633913	9.604706309	888.4104341	69.2833108	82.2401223	96.48226271	40.01790016	42.74115716		74.10947541	52.34598344	49.95240991	82.12557546	71.857789		
25.67683384	4.754444517	827.4195809	7.066864458	22.0461593	40.01588454	41.11160145	85.72170668		16.23651802	17.99174789	49.23173027	94.20903507	19.11266508		
9.183639846	26.47659101	232.1868569	51.7289952	77.89367387	47.764685	59.90183411	18.08729349		80.89075421	39.47535307	89.543634	90.28971523	92.49621939		



# Generated with parameters M = 5, N = 40, R = 1 and D = 20