5
40
68.02433239
77.00318743
82.56002886
84.39133795
82.65607438
17.08870746	175.9769821	281.4965186	80.06205877	96.59394744	4.312385439	92.60586719	29.34957439		95.32800902	30.64090083	77.7885762	61.9543964	6.578110515		
34.33797878	111.7616643	225.1120415	36.47682501	20.00997945	71.1756778	41.37147799	76.06904984		86.59575206	66.82559	86.67958806	71.5360521	28.87292879		
82.70334308	118.0479551	252.0551628	95.833439	46.20222394	11.91926556	39.72470632	14.54771653		73.37815578	49.19520205	61.45512428	71.78629639	19.15982394		
41.22187512	5.799422167	104.1724978	77.18306488	96.45289424	49.337348	51.67241655	29.2494022		78.00000286	5.386523182	90.62604003	67.08742115	61.07251823		
24.5587958	187.864831	261.2292702	24.22634141	32.05131073	32.51095367	57.03409836	19.56154177		5.367596647	14.22228218	86.61668505	79.34012514	98.95492133		
48.70925668	69.4114411	172.0301295	36.53948436	8.876020943	82.61468675	12.40309197	9.166491316		2.289903833	93.99031466	62.37517857	58.58104356	98.84081566		
49.17507082	45.2032056	160.4761158	2.225159483	66.42138979	61.82648771	77.58246764	16.72357513		66.62030773	55.07756856	10.81839513	83.97389719	94.49001215		
57.29671802	95.27501281	215.9068403	1.33202351	74.07111641	55.75029759	43.07286682	98.189955		44.73066673	20.20457372	50.48107514	63.84674523	8.25711762		
81.08054409	120.6784559	215.2628359	14.92147101	72.35054707	72.89854604	2.966935323	40.64231714		15.47417004	84.06522472	79.69017	50.17731863	64.55129689		
1.830232867	183.682888	291.5299439	68.16329271	13.50515992	64.57758451	87.34642414	4.10036291		27.86492596	55.07345763	44.69205576	98.54620039	5.579968913		
30.95935167	49.87949119	179.8736524	72.77270521	98.7208393	17.44821974	87.27836118	18.94785116		59.91569652	25.21953769	23.19653226	57.01059654	53.46313948		
37.66026874	25.21655249	102.9238898	18.07003377	52.25337595	49.98454224	71.39193265	76.50602512		71.58848097	77.33435158	70.17625261	5.8370916	30.7808756		
18.14866577	23.03721752	147.2181489	97.61680402	14.95173417	24.54633821	56.17473701	6.770177963		39.97245764	43.96390468	64.75852855	96.17747421	40.28585433		
65.84494202	102.4680315	216.0434852	72.56261507	27.07149266	42.36901451	52.71915455	85.01425474		52.69158662	77.71123799	76.67371894	92.06221882	89.57153212		
77.31081869	101.3868298	225.2921807	27.35131878	32.47984024	25.10746559	91.85721456	18.46284516		86.54151001	7.606472255	89.82131454	48.94822962	61.09399902		
90.66997176	151.8746963	232.3683043	77.3457893	69.60107482	21.38567686	56.79784004	13.97427016		64.85961616	84.84800389	5.151640055	81.7154512	66.73030008		
67.97640308	163.5713484	224.7159938	36.80694159	10.02666691	33.83742158	18.38297341	11.79465694		26.82103463	91.39179396	20.34024824	29.94710276	42.29724882		
52.80576515	178.386797	300.4071538	38.8844356	97.04469641	43.35577531	77.85314286	3.088617705		39.81134826	87.30135535	92.42145177	15.21845682	72.48117828		
12.80243627	176.3932243	267.8293363	84.84424099	53.44375211	61.48297106	25.8237219	16.42833886		32.75107463	71.26442148	87.57504872	36.07283216	93.03274369		
71.82767669	61.27255301	188.767619	55.60387793	32.10251175	16.00977909	94.0078145	43.81866851		58.31664605	96.24044402	61.5259832	96.07763927	79.98514573		
28.50821069	142.6504961	256.1680507	1.506663422	92.84173068	8.929608441	32.15432584	58.71959182		87.326051	35.6733791	41.57688906	55.94018549	22.47169327		
21.6798623	45.35705967	145.5588876	51.52887736	62.49175384	69.18270135	99.18351219	29.0979828		56.78845857	73.0679984	83.75928395	86.6847884	83.35193274		
72.43999207	171.4648891	290.276551	75.15228727	48.53920653	85.20241141	44.36816408	33.28615721		12.4336396	78.80570533	60.99137346	74.29055743	54.89955118		
63.20551093	181.366959	300.4852662	91.89614881	90.86022417	50.64552978	38.51565918	38.5742692		23.45935485	31.14367548	96.90947433	44.78513924	43.71068346		
50.85048629	137.9975725	251.9403904	1.605846321	79.57574707	26.11781204	94.10987556	1.844628229		14.77548326	8.970432655	47.45647015	21.774785	67.05223268		
39.23686255	72.03832595	171.9581596	74.11724238	42.72815677	44.25492081	69.1070323	78.19405684		32.57242389	13.38328988	36.27119965	36.48740641	77.88504177		
41.15723037	137.1059567	258.7673772	84.28307063	48.84883477	94.12366499	49.85191254	18.84857275		26.01263154	88.93074854	58.01278932	12.32751837	25.51044383		
32.67702856	114.4425182	222.6775829	11.44956162	77.31162934	9.700733285	5.802574283	31.88391657		30.51085449	54.28892213	27.14018678	41.88349431	86.56857668		
85.79307868	139.7849331	209.8113861	47.64555807	41.89163148	31.57305192	41.66773963	1.060276737		68.00070236	96.29867253	96.45505409	68.3640781	73.33847088		
28.09824466	167.2691344	262.4717033	41.06127937	78.9961855	72.80743064	32.48072507	15.1156548		54.16543453	46.69018701	85.58259495	64.52175761	18.76842897		
28.71329304	26.16844652	126.4034004	86.25678413	72.77052601	53.94038404	18.47284549	84.76957745		95.82236496	98.60084738	49.52498535	44.2670237	70.76230008		
12.58463352	141.5787137	274.7453815	69.1403448	62.78856876	37.13273242	55.42573283	99.64128588		34.52470288	87.30875559	81.120286	62.14543603	37.31905561		
50.84396877	67.90771833	185.1957137	91.82088275	95.81131016	70.51121245	46.43446822	38.48325984		62.63948737	72.40148352	24.55776156	64.66940154	69.51341778		
48.956675	11.67827859	129.6529476	93.58082737	21.16170448	74.29679359	13.49108657	85.67463478		2.725939944	40.57848976	30.55049099	34.82324215	70.28245174		
34.76642299	54.93193045	112.7850041	29.60630511	33.14998386	56.25091182	8.699900564	54.30865727		19.96389908	32.16301966	55.73258511	90.10738964	76.8379968		
73.63356043	22.61566214	118.2851205	36.72040479	80.24142612	71.37932084	77.11597597	10.45619725		97.74814652	61.48248297	47.28696811	89.63292426	83.27261416		
32.01991122	72.328209	166.1702521	69.5526348	62.62232296	45.39723989	6.073691629	47.90048782		29.85171271	68.985894	15.06767039	75.3728042	71.03216767		
78.49048026	151.4437815	244.3871323	15.81341837	37.43485757	48.45434523	2.783155573	77.09378596		75.08967458	17.83836885	43.60867572	65.71282202	1.095222239		
38.38161887	85.34363053	170.597063	66.44636365	20.26955475	20.47832047	59.37917507	46.71679399		67.98043554	70.1462134	15.37521698	40.45605985	60.76624655		
33.61485618	23.00640825	111.3549931	54.93533953	36.89243178	45.98287939	19.59561375	81.28305403		44.73754458	74.71266873	52.91897734	56.22386367	76.7280467		



# Generated with parameters M = 5, N = 40, R = 5 and D = 1