5
40
1.188979987
56.73404645
55.59804305
18.32888778
47.02794044
76.2832003	1.324787564	92.97008712	87.04624036	55.2236602	84.60625741	32.35506331	28.90217708		26.28123075	8.673497975	59.23769737	75.17736596	22.2570243		
63.41708219	12.3939488	91.58916931	63.40090612	22.11020678	46.66586681	9.278881416	76.51226624		91.97665339	60.78556019	2.406912831	14.93774127	36.91761101		
62.4203933	0.5756474843	55.60899171	22.45886137	37.97623451	25.69122542	3.307992608	8.609301218		56.52066775	20.17311267	77.58982432	2.466878426	46.36627646		
6.279639301	37.83180745	144.8557154	21.85742168	73.31553895	3.36158982	74.40883276	75.50134883		95.90482913	88.08890705	42.03954832	14.27603084	26.89099022		
56.99774438	26.4212884	103.013362	42.64297622	69.81037623	39.41746024	9.462676944	15.03501498		44.12606612	50.98069286	4.680463619	72.05472652	74.77826669		
72.65617802	33.13139511	134.3602149	13.90656372	71.62488091	44.80910456	72.41669583	78.45057248		12.95531147	15.9675268	13.69546359	93.61949396	8.915921358		
86.17378457	11.9685532	109.9362884	68.7813183	15.47190781	5.32623168	38.74668579	91.78189304		54.3764088	67.84872705	96.46598782	50.87652618	57.99857179		
32.77897219	29.86789662	94.06165631	28.87472568	11.68862501	46.33633122	8.080540833	48.3513087		72.57882802	90.00861508	50.02836937	88.13227328	69.20873629		
1.486348035	36.2848027	153.3952661	12.09393484	79.91534385	5.888494066	17.68940236	19.13582442		99.92903266	21.08789954	27.92069502	68.74188641	14.58442181		
32.15318648	21.17890574	146.8636042	89.00698351	10.62523029	92.72450185	34.00180795	49.53514609		23.36376292	68.58626859	49.61693044	86.10049574	91.93338903		
51.58371311	22.00465616	103.0668597	56.30427257	36.7341202	59.82175473	1.849852802	62.6571788		54.2493738	97.7387635	47.67333897	53.93597303	77.09654648		
88.5406662	39.00372431	160.168761	63.93847468	97.89127382	31.38805734	24.2176841	75.65063737		71.11226238	59.23610606	95.97930977	57.98931598	6.557377733		
83.18367388	7.893845894	94.61961231	43.7539382	76.11348068	65.03567855	45.30650792	46.85658743		99.26179366	51.08722712	26.61417353	59.35500996	87.60437932		
95.88919765	38.22384252	112.3671421	40.47954385	2.305021079	64.87836513	34.37962907	12.41469722		16.33294687	27.37794581	66.21190187	98.67629632	84.58304177		
23.4482385	7.826297289	90.99829366	57.83412523	33.63681649	22.53171311	29.46734678	38.00737513		52.30949202	6.210695657	54.82776908	27.59444806	78.66161249		
35.76308549	1.611407515	113.3119366	6.161617423	14.30151315	46.23721927	50.9500171	96.97980724		61.38474508	31.33001201	6.849398621	73.39619043	70.65398238		
44.68274006	17.05723022	131.2368677	77.00105195	28.5463104	2.466969552	53.47506447	75.8287702		25.11307053	77.92542199	3.547469917	8.627719685	81.51274536		
8.174786768	34.86181795	163.8016051	46.67788693	60.60790694	73.69992159	52.2661203	99.83233061		74.92924706	24.81330131	32.33843181	96.24200893	54.60090537		
38.31050799	38.61806614	149.6374864	40.76160469	99.50870793	46.50399512	75.96748676	48.98707648		72.26766042	73.1084798	25.58722225	80.48195605	44.21821687		
68.14076387	29.8428062	126.3523943	55.11398732	50.97426985	58.69997329	21.66458578	51.09238758		23.6304945	11.36691551	77.99114607	97.64465463	89.9177435		
41.24107555	5.2182922	127.49407	17.20995196	26.34801994	77.51878583	85.46301635	22.07843484		44.47353166	82.43347565	81.12610818	35.39795836	40.79450751		
45.86286608	9.515496491	122.693687	72.96903195	36.58537198	78.33958294	70.87869651	84.38887152		53.36365051	24.18933149	99.72614493	95.38225158	75.28461054		
22.36521682	4.829163333	91.12429259	5.111202857	24.20313631	62.87099175	30.59587363	46.97050314		2.718438589	13.00080838	18.35302697	39.48076772	19.16000768		
90.00650003	15.28228143	126.3887926	27.42696462	66.79505977	84.49654482	88.2016198	61.20301251		92.75537853	33.33657226	62.92079064	87.79381167	86.47573206		
63.23222137	0.06686789602	97.16137905	19.29941382	14.67929696	53.32664424	21.99580218	67.03003763		15.88545522	5.44157306	54.31169973	69.11996741	11.15594511		
47.3562655	5.459586556	104.3811165	78.33862087	7.802497736	1.007408963	93.69817741	64.50831346		2.59626785	5.997103161	32.96710935	3.939564259	9.535251038		
88.50549694	26.78566156	98.86012512	59.84605388	23.13470384	1.67061155	13.80104823	63.24012047		55.51649072	38.36026011	96.34269204	52.67406549	1.663305812		
29.40501673	2.662987503	111.5369493	82.67103015	24.15042858	44.03590096	7.442842968	49.78610581		53.67593174	3.099273485	13.93734597	3.322316754	12.87230977		
31.9953554	32.3794859	98.99861783	16.06946001	61.00772466	18.68225477	48.42027706	51.45770381		68.97110971	8.850898312	42.89777649	1.177582795	97.50383164		
56.97931671	10.86329551	137.8911676	96.8422258	92.48259776	91.02382229	53.75003216	85.4876471		99.79178385	80.88879303	42.88451809	76.15883351	72.60177748		
33.15060877	5.026880754	118.8913748	94.96423257	79.79145317	43.8804996	34.03055123	28.00326145		69.36738794	76.14489972	29.69643776	85.91644518	88.52802864		
63.29872908	29.1259445	128.7852168	67.63897016	41.1229625	17.60149118	58.37466356	5.218165833		21.89588672	75.28313098	80.17615321	51.26283096	3.046361395		
73.02458498	20.11746149	114.6603786	93.14565744	79.49302426	56.80356725	64.31760647	86.71066954		40.80714033	80.32549494	96.42925437	40.20374584	27.55097708		
32.03151225	3.754830382	107.0030485	14.55092928	84.12391572	39.62372005	51.91664709	53.98187471		63.22579083	82.8595592	55.85228266	40.50191531	32.40388258		
65.3920763	28.24270816	105.1908542	45.7239625	59.95616393	66.07393204	41.44237099	11.05277412		2.924236291	17.76099931	8.402471202	44.30415464	63.41396791		
62.94833559	22.5801494	93.19024302	14.71676192	40.29077197	16.81947122	6.124007481	22.12298337		75.66012843	87.12259773	47.36862725	18.69091022	12.38222751		
28.13832576	14.79492861	136.7661598	40.0054311	97.89627092	91.27198728	17.66716977	36.74629864		3.734337912	66.55733319	54.88767266	52.08171323	36.76227862		
99.5858678	33.36806257	148.9529196	82.80416752	93.81987636	29.57940488	55.61883332	24.35155658		25.16743911	48.14445626	57.87778213	9.56083352	88.65764167		
61.97707852	32.90096901	120.4638893	33.55956365	83.47395576	32.52039902	14.64960809	29.20692932		76.81126582	58.52875659	82.35220699	62.00683311	63.11220872		
31.57524117	15.73035616	121.142714	54.59623233	85.83423684	93.71861958	9.851531297	15.44977613		47.23872883	31.49550808	90.81893883	92.03181094	42.89085187		



# Generated with parameters M = 5, N = 40, R = 1 and D = 1