5
40
92.77238273
1.640246857
80.5775298
16.81551602
16.31065482
25.61660283	95.68271601	281.6369136	23.37329501	41.90285656	97.48473621	70.29878805	82.08511553		61.80728333	35.78175772	97.5571704	18.21434641	16.81150238		
34.59607852	83.18260782	232.5049623	5.63032587	35.00736191	99.70669331	16.03001735	53.90530328		57.67716869	29.48480817	38.72797274	56.3515984	76.51222214		
35.31127534	179.5857129	284.2345764	83.96413859	35.45228889	73.29974783	6.532049291	59.19209714		15.0244063	49.35048249	75.19293754	73.382092	14.03831685		
96.62425353	10.65279534	118.3371993	67.93467673	94.72878338	63.54465153	56.09877939	90.71183505		15.36936857	60.91471192	81.29951427	29.11160353	25.11498735		
31.94888705	146.0055986	247.2694515	30.62454588	6.069617387	88.4428235	53.38986647	78.59830822		13.31754548	52.88097515	8.639360605	65.83792145	11.183479		
4.049507853	112.6830304	267.9116594	99.61407416	82.57078927	77.79813748	18.13760909	16.24450921		79.38978481	40.57349122	85.71049244	36.94229305	40.913787		
18.15921872	185.4710745	426.0589072	57.76160717	12.48050462	97.35552068	83.28162278	22.64607278		42.83078349	28.66043	19.01087893	73.95646444	53.21685961		
76.01424183	86.89977034	203.6360174	69.66734233	2.456342004	65.38588861	73.26541687	4.703740277		56.52143129	72.29840452	83.21195534	69.64480203	74.44995253		
53.35958315	149.4894074	246.4083335	5.738325566	90.86110937	95.49155465	81.19782976	23.77817078		89.95748771	71.27971624	88.17861889	84.21443538	6.175929471		
17.84421857	105.1556196	263.8655518	99.45796091	18.05774332	16.43288571	97.2552843	69.34504649		24.21654287	26.27499337	65.51360847	37.7185716	53.43165481		
14.79857972	163.3914617	331.8030562	97.63986006	2.599353409	39.90799563	73.41638327	55.27095486		77.68373429	91.03214982	78.35279152	45.56682878	12.45331212		
44.05965669	55.07558175	154.2979862	85.59215611	73.89399364	51.5597174	89.18745443	4.766130802		79.08638734	25.87661292	70.17703783	35.69120707	9.057753185		
72.4750888	28.81064503	282.1990269	69.23113276	40.07206613	38.84969843	96.29966751	10.58915902		85.1507053	9.630995042	51.90905943	88.71402869	81.494372		
84.49224975	24.89151359	302.6865313	38.7106876	83.53675922	63.9648942	65.41365662	76.27587404		30.92030888	7.441341955	77.18075905	56.11656976	16.8817518		
68.18406157	132.0839982	363.1737543	34.26271523	83.40268194	77.76807035	59.89416283	27.79014501		94.73161433	67.64139034	44.96520785	83.90502802	66.16998124		
15.41326323	13.53978076	189.5083171	4.448890704	36.8732667	24.71661457	45.32630458	57.93415632		59.32516906	76.71399014	95.7978746	10.96309437	94.79357301		
24.367808	88.00809036	316.444617	38.5476798	5.599930942	23.99949061	14.26572096	99.7916809		88.90931959	30.93176303	84.86744979	70.41870647	80.95813955		
17.9026944	101.3744615	284.3894868	50.43868524	91.09063	4.06731845	31.74268036	16.95818717		35.07033818	97.61140177	78.1257823	10.33401516	42.63802182		
15.43964331	73.053837	212.5831886	73.01890448	89.9194465	5.720247005	51.64369785	64.0681391		87.71378739	30.48191397	77.27711964	72.65410046	30.91318957		
96.43170962	97.38117505	279.6082268	83.85848728	68.93770096	10.15539003	8.733583561	76.08864063		48.84198701	85.94122529	56.91095584	82.94442907	22.35869812		
38.76510541	38.6564228	255.8257569	79.16575346	43.767495	94.62262362	8.353511292	11.3262056		69.24807053	90.08228168	13.55919927	94.53494291	93.83603717		
19.61608615	38.91591197	314.4438989	98.99443697	91.89901522	54.79667792	76.17808625	29.72577981		21.90676552	12.61815669	22.42648457	16.09468963	66.15117739		
35.67843604	145.1622586	191.65662	12.16045463	27.36200305	1.673233838	37.45692617	26.44979883		82.56145722	65.15752774	3.341307039	25.72461985	96.06771748		
84.14701618	177.5944243	400.0658643	94.54054668	68.19098986	13.8245064	8.892088835	90.95895529		63.87051518	6.632627341	6.709968546	3.109406007	81.70849788		
86.86309511	113.0997172	224.1155506	21.14084326	33.32475516	65.62868053	57.70277485	44.24257701		62.28195857	65.01405918	36.29537107	79.96640518	47.67934226		
85.8664275	182.09709	352.7245493	27.26310486	50.74501416	17.84803816	25.86417248	96.2588996		83.70820544	70.58703152	77.05103171	23.88659961	86.14382452		
44.34780292	58.13970202	232.5719316	63.07497919	3.736810929	76.78083356	74.37832369	74.45700421		72.34396061	92.8444594	90.01824404	17.1869715	74.69034087		
93.35222434	154.5784525	232.1842473	28.72030309	65.17857139	35.21437905	2.738287724	65.71361298		89.13630424	40.92593954	16.70780084	31.2690624	30.71713484		
65.39128547	53.65617181	147.5055536	59.15786262	62.53259527	89.78713709	52.05285924	80.92124608		23.68334909	75.35927377	53.56281528	84.97398303	72.67231367		
39.35519176	131.056406	367.5088997	86.07951291	13.89925091	28.41998338	12.71825627	38.03752032		26.21895275	50.09661953	84.25268676	19.06950826	93.41222023		
75.02329111	148.9700391	388.8792181	82.64288292	99.43152979	91.99274892	93.7308767	23.0672368		21.27843148	13.35719573	62.64797486	38.88760162	42.45437359		
57.36728559	93.08126245	184.1820367	62.27624489	80.37218422	44.20708456	1.170445913	46.16490678		89.28134912	47.74856269	19.54718633	82.44764027	24.99922136		
86.67049755	137.5891434	344.394925	20.6105588	69.81775538	30.63219025	9.434270914	35.29212005		6.376253059	10.96366788	14.58559375	12.85001943	20.60641117		
52.73125408	160.0240833	247.0346108	45.15619235	77.62891483	44.34574556	6.573114488	21.46865717		38.2359604	6.569801473	89.84797669	81.9686411	57.73741339		
99.62357735	113.965171	396.8857653	81.95723841	33.66951873	85.63315042	80.66813882	24.1069611		2.767408268	31.14035774	10.16827131	48.69158442	89.66845539		
5.505351663	2.949995787	255.2344122	97.96687957	13.37511963	8.887928396	74.20059743	96.64649133		59.82763938	46.60036701	48.34997169	17.53770347	53.6169957		
38.40026257	33.16969897	227.6026687	5.02895886	24.08338432	89.55850062	37.2590452	66.89194024		3.605503463	28.7608406	98.23377537	77.54073624	66.22937523		
82.39653265	102.3325065	259.7274849	16.87800082	61.87582899	43.63989953	39.5451128	95.5652739		43.34319149	97.98214581	11.2458056	5.884762622	65.87138616		
24.00974101	68.90735703	262.5167594	45.35733795	37.00491376	41.90706458	46.4989497	24.74303176		70.57934304	24.15434741	50.45168714	2.278095854	47.53143693		
38.36625927	6.489819375	233.6739316	40.44019666	59.49262867	36.10809072	89.26223448	61.34839482		19.64193566	6.433452022	87.43857854	61.67639531	49.27582229		



# Generated with parameters M = 5, N = 40, R = 5 and D = 5