5
40
68.89624683
1.542817122
1.360954565
61.29415703
30.83983688
76.02892293	473.3726104	855.3840297	46.70188569	5.582844702	47.63963486	54.55907518	85.4158056		73.38444814	58.58067481	54.34444472	42.74855763	13.76233238		
64.77830073	473.3766919	819.9247214	77.19766058	91.4475912	75.93388596	98.29685491	46.70777805		11.47166053	25.41127526	91.19516096	70.68411569	45.37188832		
80.09173986	439.2874063	907.0669097	96.09013917	63.7540532	3.027699992	73.05984424	54.68150063		32.64240561	96.44702404	60.3637181	30.33041558	90.43973853		
61.1621274	220.2443858	678.1990977	45.81943947	47.544014	75.19609595	79.90117719	51.8037721		62.10633112	31.7186253	95.15900687	83.78610137	28.30687923		
24.06756511	543.5224059	1249.402993	49.69797424	58.2346528	57.37215559	70.72128539	9.189210004		99.06021635	16.33521893	63.44003724	30.00603296	1.825728123		
12.21059467	635.5579081	761.7192369	10.79851196	86.80208969	79.42699774	48.93456321	65.00572129		77.05464728	65.05292942	36.43742568	86.20019669	96.55165692		
63.55337782	20.54875794	892.7675937	82.16904782	21.50033289	89.3378145	57.61087791	95.44953063		16.04332471	85.58675909	23.69183453	31.78150141	41.15177469		
80.55917088	561.9763281	1248.716339	97.57159131	36.20043905	15.30269384	36.78438021	21.13031576		37.30410886	5.497433425	21.60324698	24.83142322	33.17804655		
68.12515366	696.1598986	1085.435372	33.27514597	85.15517963	31.99225245	32.72829106	90.27837505		78.53386885	33.84559228	85.02607861	54.01132413	29.69616652		
25.9576803	658.9002597	1415.88328	85.83740448	36.5906724	90.09541086	18.37291228	44.43717993		38.62316075	15.83035836	28.3111472	53.71290391	76.3041618		
14.77496604	541.447587	838.9077228	84.5440252	44.36972582	94.9738606	83.82780694	57.22455851		51.16639244	83.36177852	1.423934446	24.7460376	49.05927067		
85.48175392	313.1593214	780.5575135	81.29311937	93.77749315	22.64348808	74.25350205	89.64161174		81.10363301	6.813107909	31.21113854	26.45886717	15.38884842		
34.14006246	135.1219538	488.040537	70.45285093	21.73925171	80.49485337	81.44631139	97.55870217		39.41240284	92.07304047	45.04796095	81.1654581	86.6192342		
81.70970179	509.8860078	1044.73004	82.75346982	10.80033558	61.50296925	73.89940869	21.76702628		64.97389722	65.01455702	43.05322237	52.54573701	26.70173372		
2.749165102	673.0679599	828.3679444	35.80939519	48.2605755	13.17778723	71.51385195	51.52214234		65.32844199	12.25279353	98.66014817	92.71507803	61.48796026		
32.97774063	271.2617475	431.178592	78.05310143	96.84293053	80.43142663	8.192139367	28.14986581		93.33763959	40.1497346	89.41801498	8.44321013	37.68148042		
58.76083139	697.2197377	1314.570187	68.73883572	92.43563615	68.7322208	18.09708037	20.12195098		64.43593289	74.75272141	1.835523199	15.15326934	78.3040587		
48.21644781	636.2073936	1330.020971	85.85807532	38.11274063	87.24885093	18.18093362	84.05081018		87.40255427	74.58280573	94.14045097	61.29315509	60.14556543		
56.47081563	628.2622435	931.6076554	42.37784865	14.64605225	52.67499705	79.20403093	67.58421291		32.13418107	95.47172313	23.55107863	45.61117976	59.90637287		
66.25653091	37.54820071	394.1983775	99.10602727	48.11260045	34.3546156	24.67863018	93.40267572		57.40516805	36.33409343	27.2358214	40.86068153	91.84813723		
67.28230724	618.8079253	913.8674114	90.16358507	77.06869963	91.98770606	8.021629661	56.78564121		72.82437275	72.91989183	8.538709898	11.33445786	90.5000405		
45.48411192	33.50015547	809.4790591	3.00888774	8.37513421	26.86011331	95.16945374	22.23561277		93.23190847	24.97548241	74.19861531	49.88282173	32.60758413		
51.25699344	740.3023196	1138.015405	65.13612526	75.55070021	15.61996158	52.44037361	96.2209806		7.604447799	77.02356506	40.51879121	33.22291179	28.86431632		
37.32155271	454.4468503	927.1145807	29.5419369	83.66606602	59.4081837	47.05302637	23.23070776		82.88145647	93.26480966	51.87364924	32.48981828	2.630872014		
85.50955651	349.546295	1150.270385	29.27662034	3.740835419	97.14314866	35.11879566	92.86011513		28.04828985	48.62656284	85.96886191	13.00105571	44.9191853		
1.681379814	424.9814601	941.2643351	19.63114755	58.19609413	21.7669013	70.49801471	49.90194568		4.540356227	8.062161127	84.27345566	87.67184088	69.38148551		
92.81262973	419.4070864	699.0258029	90.64087108	35.79284939	69.22873758	24.16145254	97.00971292		98.75582988	63.97304591	36.53300231	85.78448353	90.21987937		
83.89219209	509.5869845	1047.606463	18.08420555	86.06289635	33.52943672	76.37709422	4.08946487		87.45669963	65.9361142	36.69426819	8.034634847	10.71395271		
52.49628042	615.5584646	1449.072518	88.33572261	28.04826745	69.51700049	9.284638283	77.45958033		71.74984901	67.61347719	69.76485187	30.68838449	67.94494952		
52.00757654	83.73320804	717.3854921	19.60757211	28.33190805	15.17049175	92.76109425	21.09725323		57.6672711	53.3755468	64.59473286	20.80137055	96.39949471		
28.29904097	232.6819729	450.4828228	29.13833393	16.80857619	33.63906604	38.05397814	23.98513339		46.55991316	68.60149817	30.27867341	86.26392505	71.38122298		
1.889070943	327.1907301	1001.2446	3.146292521	47.76642567	11.29201783	49.88886177	38.80852215		92.55122022	5.407365698	44.0158961	20.76573177	71.39231613		
82.86517846	789.2589157	1110.069662	38.04732826	14.32238264	64.02189133	98.91119007	16.93441951		55.12618184	10.34269051	81.26334823	70.15351366	75.70346425		
74.87738596	553.6394671	1350.451356	13.34241432	49.98367302	76.3029937	71.15630419	2.84714083		89.24025844	60.36752602	4.095397423	75.32490671	49.44915242		
21.40254555	237.3372501	727.8123957	58.26859307	38.86809414	36.05417106	19.3927429	31.67260246		17.73687771	78.55870854	79.67217377	18.40817757	66.11889142		
70.3965796	396.9561915	1292.945662	72.25364015	97.94060161	87.5743724	31.27631414	47.75337374		29.71122796	82.24231297	60.48826591	3.75350108	68.71573082		
33.27259325	754.9789975	868.6663171	56.40709085	12.0086568	7.516520619	99.63262525	5.870557239		35.77592498	40.69716402	56.53328056	67.86050213	65.3332188		
7.710354298	707.091741	1221.00158	23.03218723	33.26485727	49.74250321	48.8151726	33.16362995		68.01671576	71.83720549	94.13323877	16.92329503	98.11715986		
50.35257946	105.5802862	747.7100818	10.21585487	38.18149032	4.970318149	14.25263475	82.07690323		84.43006436	83.16035927	59.45000518	9.646912496	63.00831507		
86.06404727	173.0379344	723.4205293	19.47479448	14.53044434	64.20842853	65.71793194	38.95900139		85.48571798	91.45184942	37.28098932	15.76580972	2.50133869		



# Generated with parameters M = 5, N = 40, R = 20 and D = 20