5
40
22.99500699
89.13641305
74.34924442
20.2828634
51.94587274
72.35789165	154.7531474	383.2490345	14.26553779	38.4052747	16.96329359	57.6628923	27.62790095		88.505548	98.75349916	11.07565466	45.74989365	15.00624275		
39.96449962	84.55268178	438.7377765	26.35766607	6.325049732	19.70217846	92.54676923	22.12648735		3.618146656	76.86806126	20.10874674	97.53968561	11.846405		
79.15345095	165.6959401	405.090147	49.88717176	80.82697384	69.28833703	52.75489499	94.64800057		28.90597231	51.77635525	87.74364328	14.98650585	25.54658433		
66.50095543	124.6944487	443.2081999	18.50759671	21.71373198	42.7764978	29.32108694	43.91963226		59.8312028	38.6099915	50.08898435	36.21336659	85.99767123		
20.380187	153.0136373	500.434276	62.64924075	4.907353261	4.305406724	95.8718065	26.65756406		33.72350592	40.00815224	79.65173307	15.63297857	75.96600117		
85.53632516	12.35173034	492.7027991	92.95270086	99.28569388	40.21807251	41.70933774	28.46527026		97.93417918	29.25881731	87.01521275	81.73989044	45.94730389		
15.44861728	26.60411368	403.2548713	78.01295954	57.02346045	32.28175774	84.0032057	36.51555029		4.268118707	7.596648878	22.4218576	18.26679916	89.62732568		
22.335978	174.9733665	269.1388611	89.99122332	18.7453218	67.80085157	52.24498425	47.88968109		10.20433994	11.82739963	52.81571943	60.61150226	93.26548468		
72.8265714	24.09091713	352.0722106	57.67145714	14.07631891	7.723040617	30.25211899	86.03067544		59.7423101	92.12912246	9.702071076	91.95372575	27.54699882		
99.80853816	172.2050312	277.0561919	40.55434559	38.42025829	66.18037618	77.07043256	45.17800105		81.87869574	25.18258269	45.69894173	20.17401169	45.72498056		
34.67105683	137.9991236	548.6335951	50.17016231	69.50328912	19.36211216	63.32761418	65.21735361		75.59131065	62.87434768	87.8115933	16.2704975	92.7825906		
4.329737605	89.96651816	208.2583147	76.95162154	10.0717256	79.90692234	78.19633328	45.81091473		49.98188563	23.46162516	72.61341413	54.77653061	76.67997922		
42.35896948	130.0187929	421.9728549	94.29965656	83.84975718	87.78437342	7.756764105	82.4874474		98.59638609	57.94674365	19.87985312	1.610609446	26.17330867		
72.58095712	155.319327	301.2857949	37.74382987	77.21307369	9.390857524	83.71656714	64.686047		28.96915919	97.80277363	73.13558643	89.29040956	41.02466733		
34.32214955	145.7228294	426.1729502	37.67281794	81.70227096	59.5701539	28.66649956	35.15944124		53.46877289	47.69741844	24.0786136	19.5678824	96.90598051		
30.27924552	30.651482	222.0288502	50.00740638	54.27546846	20.22109476	84.81638811	88.60186277		26.5336509	3.395105017	13.57428982	78.15090087	60.66222718		
97.59929756	13.69048226	321.8884281	95.49825593	68.78696772	25.68600524	59.59162909	82.25809358		28.9718451	55.890489	96.06467965	7.570848273	95.09226648		
68.02967883	168.501815	524.6414376	27.64321781	23.09386791	66.6755852	52.41005186	42.60710431		53.45821963	61.65031702	90.73209432	75.56598844	11.58314013		
11.39296221	84.61633323	558.6411926	36.88189818	26.04526791	69.60807039	3.358607584	85.53890412		93.43303467	68.78390659	82.45881997	3.083636972	57.28616157		
18.50494519	97.84501978	386.2133476	93.9482321	44.57999955	18.09883205	15.16007431	43.50982988		75.02742625	15.02441832	49.15996248	59.01966619	39.88206378		
27.06858888	110.0184686	245.0267895	92.27468103	70.47998403	62.44361456	85.96056305	81.31552386		94.21799283	53.97477775	36.76565024	61.98409822	3.460210543		
40.73947099	137.1467315	379.4748813	60.82130754	74.5323458	82.31062907	44.14180553	11.62384455		74.81736436	84.12214877	52.64098128	32.83734022	48.06822537		
63.41288578	87.74302995	280.5954615	67.34435303	66.50329678	50.54442616	36.75959805	96.16395161		48.4011373	96.5481763	33.43063825	98.38997202	48.52051503		
53.70216054	75.04633891	543.7010635	32.9412096	28.78126202	29.65638057	98.68334367	42.92166265		82.99519847	18.81332832	7.694750633	19.51659845	41.83345654		
71.05341898	163.3875776	642.5440829	21.49570422	94.35107304	29.75149635	93.5590607	18.61227337		58.8665126	44.10890394	79.76060472	31.41396299	26.10464206		
99.35170356	2.229659121	259.4427539	55.09867295	13.56662148	9.5444443	35.20892556	97.53064377		97.4450145	59.26398014	9.166981418	19.27498923	49.44702584		
28.35619164	197.4736754	438.5714105	21.23388321	18.74225291	67.22157745	94.62345151	53.44675463		27.28815873	95.72958515	24.06848438	45.83732135	11.52484567		
27.39682987	16.28242222	279.6986181	87.9745978	89.74472021	8.510662072	48.89653865	37.62704672		19.15616238	26.40019164	88.65300151	14.88498831	43.54478897		
3.728816275	130.1208929	316.2949454	61.1425213	10.89920132	39.86323606	91.84356458	91.09271772		91.54469277	14.1300824	49.26194644	53.82032955	21.57694257		
5.514884644	131.1041938	324.2537371	60.40756414	98.00239435	74.46894898	1.460186197	94.02401888		98.37548881	18.46669986	16.95188099	34.60531586	79.86665947		
81.64756683	174.2010282	607.1873874	88.41872646	47.06746439	35.06322763	27.97384994	24.51323064		79.86799373	56.66081897	99.84965627	11.33360235	68.22004185		
62.55227957	96.40234835	366.3075047	9.048837847	35.8297775	65.77956494	79.61778566	73.34138963		36.27560573	27.37095197	39.5357925	44.92247399	69.51040169		
24.618888	113.8385184	217.5089066	49.76909247	60.18873623	34.88218102	67.07328409	63.41199405		24.86334413	1.985564063	48.88154062	54.9310872	6.586979276		
82.88320622	72.43887818	391.4904918	99.50862865	76.33490867	13.4247377	78.48234278	64.24104871		55.332882	3.124662697	69.30480726	25.71176911	41.55515948		
74.74408561	70.25274727	437.8394378	91.70015498	7.591921721	7.084659358	58.41065515	40.07552847		28.67405923	48.28170858	7.62343454	62.47219701	99.84063708		
36.43781599	145.567973	576.613496	7.986615219	76.16711755	57.83951049	49.62325343	47.01785546		77.1577108	68.8156732	33.8833557	72.37103265	97.42503402		
45.76781527	38.66956957	180.4263086	59.35862629	80.64368223	24.36597122	71.45001722	5.311108135		47.90202331	84.25510369	74.47629633	12.12203211	15.4114653		
94.48996385	11.6676708	147.8656592	12.07647054	7.252501318	38.26584763	63.7816823	49.27175746		19.7709487	47.70771374	42.68199556	74.90638032	44.71333615		
73.13332876	124.0720171	557.0848638	49.02292054	48.36173618	43.56176193	4.042290154	13.22483876		30.48693952	58.31560662	88.53941757	68.59540067	53.12902924		
55.15117152	126.4285983	262.080876	7.253294774	94.61049465	91.59607478	24.48261226	6.643011667		32.70798443	37.19608917	79.69035864	45.06086513	27.83934342		



# Generated with parameters M = 5, N = 40, R = 5 and D = 10