10	20
24.5285	123.748
86.8412	134.213
159.265	117.614
86.9057	112.754
73.2063	34.0323
117.81	40.6886
2.64358	88.5316
120.873	38.9912
39.8185	48.0916
15.4813	27.1382
21.6061
17.627
5.60738
22.7008
12.5088
20.5212
12.6076
13.0781
5.24733
12.5791
24.8119
2.95916
15.8046
7.64338
22.7738
0.682062
0.399243
11.8519
4.84737
19.4106
0.266917	0.277522	0.74872	0.826794	0.19143	0.717631	0.491383	0.652609	0.706062	0.63322	0.409619	0.825171	0.486569	0.218761	0.362816	0.21677	0.623272	0.669104	0.0301197	0.0562084	
0.629425	0.548675	0.957575	0.75299	0.265193	0.948642	0.566527	0.760238	0.593218	0.832353	0.138733	0.748968	0.769247	0.591824	0.473076	0.561607	0.571529	0.487788	0.346402	0.41546	
0.248302	0.158973	0.626693	0.787306	0.235332	0.591734	0.425235	0.561581	0.687493	0.51605	0.479059	0.786595	0.355548	0.161411	0.303828	0.24039	0.589688	0.67769	0.161149	0.0763555	
0.0655822	0.426271	0.850223	1.07363	0.466529	0.80216	0.712066	0.836875	0.967235	0.757507	0.679902	1.07277	0.552795	0.154453	0.590969	0.0599537	0.874188	0.941725	0.29166	0.270742	
0.00433072	0.374326	0.785127	1.03523	0.453091	0.735955	0.667989	0.783008	0.93644	0.695295	0.679428	1.03468	0.487013	0.0968753	0.551121	0.0873679	0.838775	0.920464	0.29119	0.250616	
0.769576	0.485082	0.714745	0.370598	0.330383	0.729567	0.292652	0.459286	0.213173	0.599345	0.24583	0.366634	0.643258	0.690433	0.291997	0.7351	0.198966	0.149172	0.513135	0.522801	
0.788789	0.527484	0.778521	0.414025	0.340451	0.792112	0.355467	0.524179	0.250976	0.662138	0.206065	0.409544	0.696918	0.714614	0.343312	0.74819	0.257991	0.148685	0.52052	0.540408	
0.142007	0.386352	0.842314	0.995427	0.364507	0.800897	0.647086	0.791233	0.878855	0.738299	0.566601	0.994068	0.553669	0.167961	0.520705	0.0614615	0.79287	0.84259	0.183242	0.186267	
0.276201	0.438703	0.909297	0.973112	0.318782	0.874875	0.65285	0.818292	0.841306	0.796294	0.476139	0.970991	0.635865	0.287016	0.524315	0.194875	0.769215	0.784845	0.151891	0.212441	
0.910559	0.536954	0.329491	0.315075	0.651859	0.381683	0.290818	0.127064	0.396854	0.289347	0.72676	0.319817	0.494963	0.813105	0.415164	0.923618	0.319067	0.527829	0.784476	0.735313	
