10	40
69.1308	124.348
120.645	65.5838
53.4507	86.6968
54.9906	157.843
57.1547	128.223
101.133	159.587
72.4551	99.2691
59.4263	51.0933
126.149	72.3579
142.826	128.954
1.59393
22.3904
15.2018
5.15665
21.8583
13.0025
1.54009
11.6695
1.95505
20.0864
10.0839
17.3198
16.883
17.8231
17.9045
13.0152
20.7502
6.69833
4.2533
28.2318
10.0715
24.8302
15.8338
7.00222
25.5163
0.371349
20.395
9.60424
8.97215
10.0327
2.39376
10.3855
0.712067
24.3296
0.537566
15.5623
17.6883
12.9295
21.0558
31.3362
0.182479	0.402133	1.1455	0.568267	0.965996	0.765552	0.441705	0.665143	0.25476	0.294504	0.354447	0.148342	0.528917	0.938256	0.373325	0.84398	0.477697	1.06987	0.872849	0.841021	0.412789	0.389537	0.667216	0.529597	0.736039	0.487079	0.380167	0.628949	0.612953	0.504059	0.775482	0.705192	1.05887	0.708984	0.905659	0.675408	0.185702	0.381031	0.491893	0.272708	
0.419135	0.0935522	0.883615	0.550142	0.6269	0.438021	0.252102	0.581238	0.375486	0.170896	0.531432	0.460272	0.496132	0.835248	0.0977359	0.882771	0.108805	0.777915	0.43953	0.424593	0.0694412	0.173226	0.284006	0.695695	0.658522	0.127094	0.360994	0.556062	0.277462	0.516713	0.422638	0.410438	0.835048	0.721747	0.501566	0.78248	0.254396	0.587551	0.112786	0.46785	
0.295034	0.678969	0.902586	0.259472	0.849798	0.688318	0.439454	0.367896	0.281953	0.614923	0.120205	0.313084	0.269223	0.577519	0.651726	0.401586	0.596748	0.873432	0.963525	0.881322	0.672158	0.480827	0.698114	0.0682851	0.40254	0.590917	0.295339	0.339711	0.611247	0.215921	0.72727	0.613036	0.788677	0.30388	0.906486	0.219339	0.475468	0.0802866	0.749941	0.20424	
0.972426	0.964705	0.0180182	0.630442	0.306117	0.43937	0.700425	0.518204	0.885516	1.01191	0.885369	1.03089	0.641388	0.385359	0.963659	0.669887	0.764125	0.12268	0.715845	0.609466	0.940632	0.777774	0.610216	0.864132	0.486991	0.746087	0.754368	0.549795	0.593826	0.688473	0.471155	0.461602	0.106082	0.621687	0.537757	0.778697	0.984118	0.915837	0.949607	0.918302	
0.634903	0.315623	0.754617	0.635606	0.457815	0.317987	0.363151	0.621516	0.571819	0.415182	0.706403	0.684319	0.587863	0.821643	0.334256	0.946287	0.218505	0.634495	0.192541	0.190443	0.294292	0.336339	0.15539	0.841304	0.686888	0.218148	0.507672	0.608997	0.228224	0.626375	0.276627	0.336315	0.738734	0.791223	0.27674	0.891347	0.495374	0.763387	0.251951	0.661525	
0.288255	0.418437	1.23586	0.672343	1.04154	0.84056	0.523917	0.767015	0.357203	0.309685	0.459774	0.252687	0.631586	1.04149	0.392954	0.949738	0.532773	1.15516	0.911553	0.891898	0.434236	0.460766	0.727504	0.632542	0.839112	0.544763	0.478475	0.730973	0.682332	0.608567	0.845414	0.784688	1.15326	0.814832	0.962375	0.779964	0.245928	0.484147	0.505349	0.378606	
0.305568	0.192997	0.834709	0.423755	0.613347	0.413145	0.138226	0.467486	0.248938	0.195604	0.399607	0.354789	0.369582	0.733404	0.17489	0.756587	0.113163	0.741026	0.51778	0.474613	0.177632	0.0489219	0.298954	0.561182	0.546235	0.119738	0.226977	0.438982	0.251801	0.385743	0.414543	0.36483	0.770078	0.596056	0.537294	0.649372	0.18628	0.456269	0.245271	0.341175	
0.576587	0.69618	0.436221	0.212265	0.427381	0.340431	0.374234	0.0999032	0.494237	0.704872	0.469679	0.631887	0.228897	0.223082	0.683763	0.362677	0.508734	0.410097	0.69519	0.585186	0.6758	0.463501	0.45872	0.452457	0.0963298	0.49174	0.368893	0.132161	0.386645	0.272156	0.393546	0.285987	0.327228	0.24256	0.568003	0.395411	0.633942	0.497808	0.717617	0.5109	
0.387411	0.038115	0.964384	0.58343	0.713693	0.522325	0.298134	0.628771	0.36166	0.0862466	0.523698	0.419439	0.529383	0.892459	0.0135035	0.915594	0.187896	0.861304	0.518586	0.510813	0.0412598	0.209751	0.371919	0.698572	0.707415	0.205665	0.378577	0.600465	0.35962	0.541848	0.509335	0.489861	0.910715	0.75562	0.58913	0.799866	0.201823	0.577384	0.123312	0.450889	
0.797143	0.417755	0.871327	0.822354	0.561382	0.470944	0.546754	0.805133	0.742177	0.527063	0.884641	0.841633	0.774684	0.991061	0.444349	1.13037	0.390744	0.746309	0.163218	0.25658	0.403568	0.509799	0.331076	1.02573	0.867998	0.394554	0.689428	0.794082	0.41189	0.812855	0.421179	0.505732	0.876251	0.976621	0.336404	1.07817	0.636588	0.941809	0.331292	0.833784	
