15	30
67.1186	88.176
45.0642	140.235
148.549	20.8792
99.4579	44.8159
85.6016	92.7449
104.18	92.2892
139.491	47.2622
111.112	97.9942
91.1928	34.4113
91.0289	90.6527
53.5097	91.7453
18.3825	23.9892
100.236	103.497
107.863	102.7
22.1703	66.6554
11.698
24.5699
17.1922
12.375
16.0751
18.4749
10.0248
0.600209
25.0561
10.6031
17.7764
2.47219
10.3013
19.3488
22.4846
9.05481
12.8477
5.40796
19.0663
12.0219
21.0759
8.07086
9.35915
14.8414
11.3119
6.58086
4.15824
1.10389
18.3975
6.99802
0.262251	0.426931	0.250586	0.265259	0.38177	0.592434	0.618984	0.550453	0.544581	0.432072	0.450602	0.681879	0.0648733	0.685061	0.339897	0.346738	0.628557	0.464225	0.410845	0.39811	0.446105	0.472773	0.195944	0.584952	0.276856	0.40256	0.215063	0.11631	0.340095	0.341284	
0.305323	0.293424	0.22963	0.44668	0.455333	0.692178	0.730435	0.562803	0.82624	0.602506	0.776581	1.08222	0.374423	0.80655	0.101845	0.748172	0.778113	0.757852	0.809592	0.493731	0.0917216	0.873852	0.205918	0.981686	0.488276	0.795595	0.186426	0.511289	0.591595	0.387171	
0.531047	0.702322	0.538056	0.469081	0.598758	0.743937	0.757883	0.757853	0.387793	0.574529	0.259692	0.421969	0.3414	0.805813	0.632382	0.100072	0.738436	0.474079	0.124241	0.485988	0.73819	0.217965	0.485636	0.350691	0.34359	0.220208	0.502632	0.212489	0.449311	0.49396	
0.552559	0.714198	0.532289	0.538133	0.663546	0.849701	0.870139	0.831463	0.25823	0.680496	0.161839	0.581317	0.354747	0.927349	0.59299	0.283407	0.863538	0.627521	0.280728	0.313598	0.69092	0.39137	0.443146	0.525859	0.182528	0.403218	0.45324	0.28189	0.564426	0.343876	
0.103202	0.244846	0.0632482	0.204824	0.266846	0.50849	0.54244	0.422844	0.715501	0.37995	0.631754	0.840062	0.135166	0.616448	0.172682	0.516928	0.573465	0.503501	0.588999	0.487933	0.277914	0.636271	0.0943554	0.734144	0.406889	0.546602	0.113748	0.273814	0.341529	0.39866	
0.44525	0.520494	0.523858	0.311995	0.309771	0.202822	0.191451	0.329676	0.988954	0.150832	0.864617	0.697067	0.489319	0.210132	0.648537	0.55354	0.141011	0.155776	0.634882	0.931165	0.724603	0.584813	0.608644	0.583489	0.802938	0.464594	0.629718	0.471264	0.193141	0.870026	
0.236211	0.246562	0.159442	0.376561	0.39061	0.630591	0.668357	0.507649	0.799589	0.534685	0.740479	1.0204	0.310444	0.744499	0.0390299	0.688971	0.713529	0.68743	0.753594	0.489703	0.1081	0.813155	0.147905	0.917963	0.463652	0.731166	0.132102	0.449198	0.521252	0.384146	
0.582949	0.716043	0.644607	0.441344	0.516046	0.493969	0.484516	0.598882	0.828012	0.381181	0.698272	0.407955	0.516918	0.494307	0.775669	0.35935	0.42823	0.151171	0.420312	0.885734	0.872696	0.335835	0.681103	0.299159	0.741843	0.238627	0.703976	0.42064	0.301944	0.85627	
0.212894	0.335993	0.286327	0.0692133	0.149697	0.29157	0.315263	0.291832	0.816189	0.126895	0.702666	0.706698	0.252279	0.379911	0.416153	0.452787	0.324094	0.247917	0.539105	0.700134	0.503772	0.534909	0.362889	0.589878	0.581855	0.416878	0.384193	0.277866	0.0797505	0.631171	
0.699347	0.867406	0.691135	0.656967	0.786552	0.941629	0.955991	0.949406	0.215883	0.771894	0.0931672	0.46161	0.500989	1.00382	0.764108	0.260984	0.936262	0.666186	0.203999	0.464543	0.864744	0.314397	0.613407	0.438637	0.352993	0.380213	0.625536	0.393112	0.647171	0.51401	
0.576535	0.614337	0.656859	0.458494	0.419111	0.208188	0.171642	0.367828	1.15588	0.280244	1.03068	0.815455	0.649202	0.121592	0.772703	0.71288	0.101752	0.304386	0.79134	1.09475	0.835649	0.730385	0.754101	0.708578	0.969034	0.614732	0.7739	0.63921	0.357809	1.0295	
0.331496	0.501128	0.359216	0.249239	0.378388	0.530408	0.54798	0.536583	0.577223	0.360133	0.458808	0.535802	0.179228	0.602526	0.476089	0.224745	0.538003	0.316566	0.306807	0.536589	0.58218	0.334706	0.350125	0.429977	0.397502	0.242735	0.371907	0.0622731	0.239614	0.498575	
0.634333	0.767543	0.585811	0.670379	0.780021	0.998303	1.02478	0.946662	0.266447	0.837028	0.284569	0.807919	0.465112	1.08998	0.595282	0.517683	1.03172	0.830069	0.512382	0.11695	0.671036	0.624997	0.467772	0.759357	0.130089	0.635457	0.466388	0.456846	0.736377	0.207633	
0.572314	0.627394	0.652088	0.444961	0.423662	0.24063	0.208873	0.397032	1.1109	0.272826	0.984427	0.753588	0.625908	0.174973	0.772978	0.661432	0.133875	0.252435	0.738068	1.06716	0.842442	0.673231	0.742173	0.647554	0.937652	0.559481	0.762839	0.603696	0.329519	1.00662	
0.280374	0.447018	0.317856	0.18705	0.315682	0.470896	0.490049	0.473438	0.634955	0.300902	0.51885	0.580027	0.160886	0.547239	0.441502	0.283018	0.484322	0.287769	0.366914	0.565986	0.545711	0.385423	0.328661	0.469833	0.432608	0.282837	0.351319	0.10012	0.184977	0.517234	
