10	20
48.8144	83.3272
70.5465	151.01
45.1822	23.5655
148.852	48.198
139.504	12.9543
5.81552	84.1179
0.265603	60.7729
147.889	23.6677
56.2311	10.7746
135.494	159.098
3.09333
2.55885
16.8226
0.468314
3.68688
20.1222
15.9667
1.02239
4.58745
7.48993
3.46939
14.2573
20.4646
14.6939
17.4344
19.1774
9.44467
12.4201
22.0478
9.93394
0.678906	0.184368	0.876857	0.547323	0.110053	0.150634	0.180841	0.69009	0.141156	0.630765	0.556902	0.29951	0.055307	0.511623	0.201812	0.566986	0.425253	0.435566	0.728596	0.151929	
0.249669	0.345363	0.598798	0.738687	0.41608	0.437058	0.604184	0.258644	0.385044	0.363123	0.148809	0.252579	0.566617	0.0780749	0.70276	0.209408	0.328407	0.772191	0.639828	0.416138	
0.785047	0.429685	0.421757	0.239227	0.499166	0.379485	0.41974	0.466066	0.453776	0.86503	0.423488	0.547776	0.514156	0.461548	0.548275	0.724499	0.730914	0.378638	0.206615	0.570199	
0.71348	0.390104	0.393813	0.308015	0.467283	0.357341	0.427168	0.395237	0.419507	0.799273	0.349484	0.493606	0.504808	0.388974	0.558554	0.656249	0.673846	0.427768	0.228778	0.533973	
1.18251	0.772784	0.652142	0.249003	0.816933	0.68732	0.629811	0.840016	0.782085	1.25381	0.818127	0.916634	0.762545	0.859254	0.717259	1.11822	1.10189	0.411668	0.382744	0.893827	
0.951032	0.423135	0.906484	0.369809	0.396121	0.318302	0.151079	0.839903	0.39685	0.929673	0.7304	0.578451	0.254479	0.713495	0.137859	0.846549	0.728555	0.182316	0.679581	0.457395	
0.966708	0.46162	1.065	0.565924	0.398242	0.383195	0.246378	0.944612	0.42232	0.906167	0.819978	0.587836	0.240789	0.785519	0.115647	0.853857	0.698129	0.37855	0.858324	0.431564	
0.88247	0.356552	0.82839	0.324323	0.342753	0.248521	0.092404	0.7574	0.335446	0.872296	0.649301	0.516101	0.222587	0.634818	0.156209	0.780967	0.675937	0.16808	0.609532	0.410859	
1.0058	0.505402	0.769926	0.162193	0.517506	0.399448	0.285235	0.791364	0.497273	1.02548	0.710616	0.666724	0.421078	0.718111	0.350587	0.915606	0.841451	0.0415004	0.512063	0.591678	
0.12224	0.415394	0.797005	0.896423	0.4517	0.523489	0.686866	0.445595	0.441414	0.161805	0.34993	0.261341	0.611024	0.277666	0.757843	0.00973007	0.200496	0.895083	0.83661	0.416451	
