15	40
26.3362	36.8378
0.539352	137.146
45.2093	98.9298
55.3341	22.3309
30.8659	139.248
21.2753	114.947
72.1377	97.8387
43.4934	155.876
11.9475	42.1014
28.402	62.5184
32.0723	108.065
63.1712	57.1094
69.9888	145.495
13.0559	12.3921
20.2137	11.6475
12.3606
22.7439
20.8345
7.51194
8.91993
26.0944
22.0847
0.416335
16.6804
8.69516
10.2933
4.24411
26.8867
1.37172
2.06143
1.5447
24.7995
24.4093
25.3206
16.9869
22.8913
11.8384
31.3139
2.28577
0.513822
28.5687
27.1658
15.1035
19.4136
0.327189
13.5372
11.1314
1.05583
14.712
28.3299
27.7986
16.3676
28.2431
22.9058
13.4781
0.727579	0.062051	0.327549	0.377273	0.319152	0.666429	0.947617	0.712278	0.598289	0.634396	0.208464	0.805233	0.881339	0.774405	0.822781	0.0907644	0.532442	1.01665	0.263785	1.09358	0.114676	0.788573	0.665287	0.29818	0.787922	0.8568	1.02966	0.8012	0.342531	0.945266	0.919118	0.858295	0.463037	0.717561	0.590632	0.846283	0.933327	0.319942	0.792833	0.352883	
0.442943	0.324223	0.0457389	0.235564	0.36456	0.49312	0.653962	0.618902	0.431812	0.55094	0.113263	0.615831	0.589564	0.480203	0.557644	0.300544	0.245834	0.728904	0.367766	0.811429	0.302094	0.562225	0.593203	0.287696	0.508474	0.769941	0.739185	0.524465	0.282653	0.658218	0.625794	0.56788	0.233147	0.654851	0.402369	0.625981	0.639285	0.151559	0.568367	0.0665742	
0.567174	0.621643	0.531699	0.331372	0.353095	0.191013	0.867156	0.0566511	0.977296	0.0231013	0.640484	0.272964	0.852595	0.721942	0.5137	0.575401	0.520222	0.770376	0.425177	0.785708	0.552399	1.04058	0.0430315	0.357759	0.564838	0.206749	0.808091	0.89771	0.319176	0.713012	0.854326	0.687587	0.377592	0.0987252	0.239442	0.374918	0.805239	0.717572	0.359195	0.530515	
0.120263	0.750461	0.39897	0.479405	0.690262	0.490113	0.233185	0.696104	0.517104	0.667285	0.532454	0.52228	0.191225	0.0583798	0.27228	0.720233	0.206785	0.316878	0.729063	0.414538	0.71606	0.448603	0.709657	0.611851	0.177936	0.813885	0.317135	0.247462	0.569997	0.253237	0.209553	0.153979	0.351308	0.764486	0.428555	0.455165	0.20822	0.475959	0.410087	0.373698	
0.470756	0.558161	0.301391	0.502372	0.651268	0.698194	0.537513	0.863641	0.163453	0.804809	0.30625	0.791773	0.456721	0.405238	0.62617	0.550719	0.334984	0.698141	0.650451	0.79934	0.559955	0.283672	0.849152	0.574193	0.543484	1.00965	0.690458	0.32605	0.564773	0.638561	0.506604	0.539357	0.441345	0.911293	0.608401	0.76479	0.557625	0.187787	0.708606	0.293626	
0.614984	0.523345	0.49425	0.289811	0.248736	0.271548	0.916962	0.166256	0.948203	0.0966817	0.578918	0.380184	0.892387	0.759348	0.588911	0.478389	0.529589	0.846187	0.317789	0.872515	0.454556	1.03688	0.10821	0.272019	0.625709	0.296157	0.880869	0.91658	0.247129	0.784074	0.900775	0.745824	0.37436	0.154238	0.284426	0.475249	0.861166	0.670308	0.450243	0.498674	
0.497285	0.723273	0.566595	0.38838	0.469244	0.127295	0.785843	0.121747	0.987357	0.162118	0.69798	0.138323	0.783307	0.658857	0.411406	0.676425	0.500941	0.660948	0.542414	0.664211	0.654979	1.0191	0.173939	0.455213	0.478594	0.20426	0.701486	0.852206	0.406911	0.610008	0.777177	0.600382	0.386842	0.196276	0.215521	0.245614	0.717987	0.755752	0.243444	0.559089	
0.575011	0.427528	0.400956	0.200566	0.158156	0.284106	0.873329	0.250543	0.854871	0.172739	0.477572	0.414122	0.840786	0.707708	0.575549	0.381686	0.46237	0.828183	0.230829	0.866518	0.35832	0.955002	0.20076	0.170107	0.597163	0.392248	0.859224	0.849338	0.145937	0.762099	0.854498	0.71217	0.304916	0.254064	0.262929	0.495245	0.823596	0.571943	0.459583	0.407847	
0.718649	0.165231	0.37693	0.296306	0.12762	0.54238	0.98506	0.53434	0.766082	0.45737	0.345853	0.681193	0.931819	0.808228	0.773673	0.130165	0.545378	1.00273	0.0551029	1.06279	0.107672	0.926052	0.480126	0.16213	0.764321	0.668447	1.02473	0.888284	0.217702	0.931728	0.960014	0.859063	0.420963	0.524983	0.487798	0.745505	0.953952	0.467068	0.69961	0.398432	
0.492016	0.545352	0.430029	0.231566	0.291268	0.149862	0.79411	0.153945	0.875487	0.0908874	0.54276	0.274285	0.772925	0.640527	0.462588	0.498542	0.424833	0.719736	0.364324	0.747651	0.476736	0.942735	0.135694	0.277337	0.499904	0.305287	0.75435	0.807305	0.231611	0.657568	0.778937	0.620657	0.277726	0.197378	0.159671	0.35955	0.736647	0.61655	0.328961	0.428575	
0.284746	0.744801	0.487069	0.378553	0.544884	0.14447	0.56266	0.336004	0.843603	0.340831	0.641159	0.119206	0.565324	0.446786	0.187024	0.700173	0.348834	0.440926	0.612075	0.457298	0.683591	0.837108	0.372087	0.497514	0.255921	0.424166	0.479829	0.650384	0.441739	0.386539	0.555493	0.376374	0.302058	0.411649	0.170854	0.094426	0.49358	0.663475	0.0410319	0.470632	
0.597845	0.796615	0.667621	0.481241	0.530571	0.234591	0.879829	0.126432	1.09364	0.200792	0.79316	0.2094	0.881962	0.760089	0.498905	0.750067	0.608235	0.738888	0.602863	0.730103	0.727481	1.12608	0.186745	0.530128	0.573397	0.108748	0.781232	0.956624	0.486853	0.693501	0.872973	0.693187	0.491465	0.172625	0.321965	0.314177	0.809672	0.856798	0.327488	0.661478	
0.390599	0.612806	0.311513	0.496926	0.668606	0.656333	0.443025	0.835327	0.224872	0.782563	0.359862	0.737472	0.362667	0.312039	0.5487	0.599089	0.283268	0.605292	0.677965	0.707401	0.60503	0.258137	0.827378	0.588342	0.461925	0.976686	0.596476	0.240621	0.570039	0.547214	0.412103	0.448386	0.41399	0.888893	0.570035	0.700282	0.462855	0.253674	0.645846	0.296626	
0.464689	0.347531	0.229289	0.0373369	0.175219	0.302459	0.748248	0.375072	0.683392	0.302158	0.320894	0.441822	0.705315	0.57487	0.508848	0.301768	0.31529	0.742589	0.226395	0.798909	0.283948	0.786537	0.3423	0.104209	0.504083	0.526328	0.767083	0.694446	0.053753	0.672345	0.726063	0.605914	0.167091	0.402943	0.231537	0.491088	0.708262	0.404726	0.441398	0.236297	
0.540461	0.62794	0.394612	0.596683	0.740508	0.789968	0.561068	0.9579	0.0752186	0.899448	0.382087	0.879568	0.478557	0.452162	0.698612	0.625337	0.422359	0.744005	0.735852	0.847926	0.636689	0.219147	0.943818	0.66474	0.611555	1.10344	0.731145	0.327539	0.65745	0.689519	0.530779	0.591826	0.535245	1.00595	0.700839	0.847378	0.592792	0.260161	0.792149	0.387802	
