15	30
117.173	128.841
126.818	143.146
34.6099	128.859
118.601	12.6362
127.72	37.765
178.394	10.532
7.2506	11.8861
60.2263	157.377
153.573	48.1235
61.8811	132.121
23.4096	159.439
41.714	47.9653
174.251	62.024
41.5196	10.0005
176.234	140.305
22.5102
12.3133
0.0424363
3.71789
24.3919
8.49724
16.5562
21.9956
25.5532
22.5874
18.7922
9.32408
21.0156
1.98813
1.90742
17.4195
3.78301
21.8885
24.8416
5.78013
16.7637
17.9678
15.694
6.38763
10.156
13.8508
11.992
16.769
7.96341
7.89018
0.105225	0.830141	0.69926	0.795946	0.837509	0.233476	0.32287	0.821616	0.508471	0.608602	0.52784	0.425101	0.465083	0.489603	0.816995	0.582861	0.365626	0.367892	0.111166	0.688947	0.770545	0.625866	0.455889	0.621149	0.422673	0.617571	0.577976	0.440327	0.247456	0.414423	
0.117595	0.81369	0.678397	0.763679	0.806521	0.236014	0.298488	0.812594	0.487983	0.596538	0.528869	0.422152	0.43734	0.45537	0.796939	0.569618	0.395069	0.394076	0.0993859	0.667608	0.748771	0.606366	0.421375	0.619997	0.432033	0.588879	0.578341	0.406069	0.217435	0.384677	
0.504896	0.42685	0.307082	0.544307	0.551389	0.617887	0.136247	0.437587	0.124909	0.214546	0.260614	0.157741	0.196592	0.532201	0.419701	0.184651	0.519354	0.473705	0.472586	0.299566	0.38139	0.229289	0.380458	0.309896	0.297833	0.317322	0.290396	0.497975	0.472351	0.585779	
0.0673592	0.954134	0.81054	0.842518	0.895248	0.0865131	0.427378	0.961564	0.622657	0.743381	0.678936	0.573113	0.550633	0.457605	0.930308	0.715327	0.484071	0.498435	0.0595994	0.798659	0.878142	0.742084	0.479055	0.770778	0.575291	0.694595	0.728687	0.411716	0.194064	0.336985	
0.482484	0.873261	0.818189	1.07431	1.08896	0.599918	0.572206	0.772284	0.661207	0.638326	0.430057	0.421086	0.712215	0.892242	0.908824	0.633018	0.0669482	0.0697357	0.530822	0.815592	0.891111	0.740635	0.810129	0.517658	0.282157	0.853014	0.469595	0.843754	0.672496	0.839686	
0.967248	0.163154	0.309577	0.697181	0.646255	1.08663	0.597772	0.0517756	0.417279	0.257692	0.396224	0.452878	0.554495	0.93928	0.262534	0.288072	0.840052	0.781687	0.942266	0.32439	0.314317	0.320754	0.769528	0.306222	0.548838	0.532289	0.354023	0.918405	0.939465	1.03262	
0.728625	0.418684	0.437061	0.807649	0.78728	0.858931	0.467407	0.28305	0.382783	0.23569	0.0977173	0.211187	0.515768	0.868466	0.484103	0.255524	0.516548	0.457783	0.725324	0.442752	0.493961	0.381064	0.716096	0.0408471	0.233899	0.58644	0.04961	0.832902	0.776066	0.909611	
0.743522	0.512863	0.350744	0.117732	0.168783	0.798019	0.393543	0.65973	0.34622	0.501844	0.677699	0.59408	0.250431	0.387596	0.424041	0.474526	0.930058	0.893372	0.676559	0.336396	0.358215	0.363096	0.259779	0.687797	0.737629	0.139904	0.690307	0.397909	0.558971	0.543369	
0.793854	0.767637	0.606159	0.257537	0.337166	0.806985	0.55362	0.914406	0.575061	0.74543	0.897757	0.799791	0.446799	0.311793	0.676597	0.715646	1.07306	1.04687	0.719382	0.59165	0.611947	0.613217	0.309003	0.922215	0.930661	0.388414	0.917905	0.350826	0.565204	0.47461	
0.150122	0.840927	0.723396	0.856961	0.893219	0.280967	0.363524	0.81298	0.533925	0.609968	0.498062	0.407275	0.512373	0.573759	0.837897	0.587664	0.2809	0.287416	0.187492	0.714535	0.796714	0.646921	0.529672	0.595165	0.375623	0.666284	0.548971	0.524444	0.333497	0.500271	
0.880701	0.224097	0.318256	0.716582	0.676098	1.00389	0.534078	0.0583759	0.372826	0.193497	0.288902	0.356169	0.516981	0.90126	0.312548	0.227279	0.732121	0.673583	0.861335	0.33043	0.3474	0.301607	0.733992	0.19657	0.441561	0.525939	0.244974	0.875488	0.873506	0.979681	
0.265737	0.873083	0.777456	0.959115	0.988007	0.384295	0.452269	0.815986	0.595525	0.634311	0.477925	0.413584	0.602666	0.706093	0.88498	0.617993	0.151042	0.171785	0.31754	0.770847	0.852122	0.698629	0.650542	0.576693	0.333143	0.754796	0.527448	0.656816	0.468246	0.634843	
0.913057	0.148534	0.121085	0.396125	0.33778	1.0094	0.499489	0.331236	0.310677	0.301943	0.52827	0.511816	0.385598	0.729778	0.048997	0.300879	0.926763	0.874345	0.866367	0.129717	0.047834	0.199543	0.565562	0.482049	0.654994	0.287369	0.511239	0.722501	0.809718	0.857549	
0.608681	0.521109	0.347144	0.254133	0.299128	0.668697	0.264648	0.636794	0.268757	0.446115	0.588177	0.491982	0.13779	0.309868	0.448636	0.414433	0.8013	0.767324	0.543077	0.331437	0.381732	0.328744	0.149862	0.614882	0.627734	0.132827	0.608781	0.30511	0.434988	0.445609	
0.566477	0.504455	0.330815	0.305217	0.342837	0.634473	0.20794	0.606084	0.224758	0.405894	0.53585	0.437069	0.0847408	0.321009	0.440476	0.373184	0.74493	0.710411	0.503689	0.31528	0.375331	0.300272	0.151578	0.567089	0.571191	0.141396	0.558505	0.307379	0.408576	0.440305	
