10	40
107.492	48.2737
143.527	87.6875
179.032	134.323
24.5523	100.443
11.3552	42.8339
17.55	139.555
29.7237	34.426
49.2594	70.8282
111.726	70.2273
80.0517	67.518
14.2299
12.6588
7.17776
2.25068
3.5936
0.0609223
6.43186
12.9615
13.2339
16.3525
15.2314
13.6554
11.7423
15.7942
5.36042
10.5099
2.28049
3.11708
16.747
10.0636
12.4738
10.6524
12.8076
8.69643
9.73143
16.9202
0.784551
14.1823
13.6002
9.32205
8.89544
2.54094
11.3809
16.0267
9.74393
15.7967
12.6317
11.5852
0.685718
6.14674
0.158913	0.510845	0.943394	0.421832	0.683006	0.961038	0.611978	0.8586	0.640482	0.908551	0.590811	0.354142	0.858949	0.257748	0.707137	0.874308	0.836457	0.775322	0.680801	0.398975	0.546339	0.309914	0.856913	0.20677	0.465985	0.0644758	1.06719	0.172179	0.774521	0.422474	0.632652	0.626926	0.784371	0.603193	0.920646	0.874165	0.327649	0.2632	0.407541	1.04193	
0.614445	0.882223	0.293976	0.75597	0.186624	0.371727	0.292129	0.488355	1.13202	0.831907	0.285511	0.387598	0.197678	0.834229	0.287452	0.262989	0.738281	0.0643252	0.0377062	0.411565	0.180796	0.411934	0.630898	0.512653	0.870558	0.654138	0.804791	0.678056	0.0795808	0.397467	1.10095	0.979754	0.0688125	0.781591	0.704568	0.173724	0.488157	0.686535	0.738974	0.832777	
0.873257	1.08178	0.157171	0.964611	0.342319	0.261757	0.459925	0.502874	1.33983	0.895461	0.467288	0.644019	0.159386	1.08013	0.39531	0.213519	0.812322	0.229391	0.314384	0.684174	0.44063	0.687235	0.674729	0.780639	1.07927	0.926163	0.788167	0.9312	0.211877	0.625579	1.30478	1.16385	0.213259	0.944897	0.733121	0.113792	0.727782	0.961949	0.949889	0.837179	
0.837126	0.802267	0.405628	0.734573	0.441191	0.300826	0.421935	0.140574	1.04475	0.392354	0.445656	0.675703	0.452287	0.944553	0.349652	0.371505	0.342068	0.623734	0.622167	0.904264	0.598056	0.807927	0.202302	0.817107	0.824554	0.956846	0.226561	0.855816	0.54266	0.58009	1.00321	0.832567	0.604148	0.609168	0.214267	0.524843	0.666559	1.1118	0.729829	0.281839	
0.28897	0.701232	0.861796	0.590941	0.620088	0.903978	0.588339	0.865504	0.861259	1.00876	0.564602	0.331916	0.768259	0.477429	0.675556	0.803579	0.924523	0.643572	0.555546	0.202777	0.456337	0.202895	0.908451	0.213639	0.661085	0.17822	1.12351	0.348164	0.664731	0.435324	0.849782	0.820983	0.657434	0.748609	0.980882	0.764837	0.382957	0.105864	0.573368	1.1126	
0.754331	0.46927	0.849839	0.490514	0.729122	0.765861	0.625979	0.503906	0.63711	0.121054	0.638192	0.735351	0.85161	0.722666	0.634374	0.786425	0.187826	0.962592	0.912819	1.02265	0.804144	0.879198	0.332355	0.811018	0.51265	0.894244	0.363856	0.726597	0.889809	0.633542	0.595882	0.429337	0.949768	0.30029	0.298275	0.922702	0.645768	1.11515	0.500106	0.293593	
0.798223	0.622053	0.665636	0.597757	0.603264	0.570729	0.525974	0.319844	0.831825	0.110647	0.544628	0.710822	0.68638	0.831956	0.501267	0.612422	0.122912	0.826657	0.795817	0.985726	0.718244	0.857701	0.157554	0.821746	0.65683	0.93512	0.143924	0.79129	0.747838	0.603352	0.789655	0.616537	0.810519	0.424782	0.0884405	0.760253	0.652412	1.13306	0.600518	0.090263	
0.312613	0.114833	0.874733	0.0157485	0.638086	0.842743	0.520274	0.639434	0.361562	0.528184	0.512761	0.423246	0.822739	0.234323	0.596688	0.797049	0.480148	0.835131	0.750437	0.67403	0.599448	0.525065	0.558166	0.412512	0.0996633	0.440837	0.737433	0.260746	0.792388	0.375384	0.329298	0.230086	0.832979	0.19011	0.598756	0.871171	0.303903	0.674448	0.0341138	0.692868	
0.804326	0.635569	0.653165	0.608764	0.596573	0.557324	0.522052	0.308735	0.847277	0.127847	0.541167	0.712213	0.675715	0.842336	0.494401	0.601081	0.133869	0.818382	0.789284	0.985329	0.714628	0.858817	0.150811	0.825393	0.669768	0.940638	0.128735	0.798848	0.739198	0.604828	0.805093	0.631857	0.801982	0.437768	0.0777152	0.749695	0.656425	1.13653	0.6111	0.080795	
0.661782	0.782625	0.189228	0.676136	0.146053	0.160123	0.194216	0.199063	1.04194	0.577398	0.21379	0.452767	0.174711	0.831707	0.0999394	0.114561	0.49052	0.320188	0.314782	0.626268	0.31458	0.557536	0.360409	0.603636	0.78722	0.753975	0.513133	0.703352	0.239099	0.387737	1.00451	0.853723	0.301866	0.628996	0.427234	0.247184	0.492876	0.864974	0.664024	0.547382	
