10	30
116.086	91.6541
179.656	111.993
109.052	139.533
173.173	141.193
126.291	56.8394
60.8939	65.1832
101.705	111.355
46.6808	148.891
129.187	158.117
158.504	112.318
12.8001
1.43385
18.0363
4.06608
8.16169
10.3465
12.8114
0.321674
17.1863
1.16391
17.1981
16.8764
14.3596
20.4033
22.3345
7.50443
18.5931
15.1641
21.5849
18.8591
15.9146
10.9094
22.8407
17.4723
1.8913
2.2423
21.429
17.6324
5.99075
3.49735
0.305387	0.167101	0.577975	0.35063	0.374342	0.394651	0.537488	0.443433	0.129373	0.266644	0.242098	0.434766	0.341833	0.336537	0.592139	0.543609	0.435532	0.148778	0.511028	0.544147	0.2242	0.295796	0.396499	0.234108	0.572745	0.420011	0.594393	0.559914	0.552147	0.429057	
0.322845	0.627242	0.48883	0.42407	0.523285	0.688643	0.890105	0.569618	0.640015	0.66693	0.292321	0.909956	0.745293	0.805745	0.453661	0.586165	0.11679	0.511711	0.0427812	0.952943	0.35107	0.803178	0.516957	0.767478	0.2461	0.57813	0.111575	0.819839	0.914751	0.194148	
0.630267	0.617018	0.123816	0.75059	0.840956	0.508686	0.684826	0.329049	0.767135	0.585239	0.499915	1.07263	0.630917	0.974027	0.0739911	0.264068	0.484467	0.714496	0.390736	0.783242	0.423819	0.929544	0.318738	0.827186	0.184124	0.357783	0.344824	0.560772	0.711856	0.574165	
0.775076	0.755528	0.229944	0.895285	0.987367	0.618582	0.774799	0.439551	0.915273	0.713615	0.648627	1.22063	0.750057	1.12283	0.198553	0.349766	0.61652	0.864932	0.51138	0.880274	0.574101	1.07609	0.443887	0.968921	0.30243	0.47098	0.445824	0.637779	0.801235	0.707741	
0.50013	0.0619924	0.584477	0.547643	0.562792	0.272533	0.360989	0.396504	0.225135	0.123435	0.411039	0.465208	0.167768	0.394735	0.614011	0.504474	0.60331	0.336769	0.656068	0.350727	0.337944	0.313538	0.372359	0.171485	0.663125	0.365609	0.725134	0.41898	0.371093	0.612803	
0.356642	0.199798	0.66886	0.372083	0.370117	0.446982	0.561528	0.521772	0.0356206	0.304088	0.324525	0.34016	0.366199	0.244364	0.685104	0.625459	0.512951	0.153635	0.597278	0.548769	0.319835	0.200064	0.479282	0.161299	0.668006	0.495858	0.683868	0.606586	0.572176	0.494098	
0.431441	0.557565	0.280167	0.550316	0.645647	0.544822	0.74422	0.395386	0.646186	0.564697	0.323925	0.944681	0.632336	0.841301	0.242942	0.389647	0.26549	0.557642	0.170883	0.823376	0.297611	0.814829	0.352478	0.741431	0.056863	0.411541	0.150483	0.651559	0.770507	0.356428	
0.673477	0.615707	0.0901685	0.793425	0.881037	0.482157	0.647566	0.301976	0.781682	0.573217	0.53701	1.08635	0.611256	0.990113	0.0616209	0.221061	0.539071	0.741476	0.450872	0.749892	0.448846	0.940148	0.30348	0.829909	0.247593	0.332847	0.409374	0.51702	0.674395	0.627325	
0.478015	0.435088	0.151254	0.596183	0.679702	0.371722	0.567617	0.214261	0.579095	0.416619	0.334929	0.884564	0.474058	0.786395	0.147174	0.218426	0.378067	0.533404	0.325293	0.652401	0.240776	0.741356	0.174806	0.641406	0.197489	0.231814	0.330499	0.470426	0.594257	0.457279	
0.707306	0.7489	0.255901	0.826318	0.92142	0.645556	0.818358	0.465509	0.886084	0.721374	0.592265	1.19086	0.768173	1.09016	0.209422	0.393209	0.534461	0.819018	0.422541	0.91859	0.535883	1.0514	0.455934	0.955768	0.221233	0.494685	0.348445	0.689856	0.845303	0.625927	
