15	30
108.37	27.0712
49.9005	130.228
66.6548	17.3883
42.5953	77.0379
23.9845	98.2108
155.19	78.9764
132.73	105.26
151.03	43.4369
66.3959	50.2508
67.9331	101.35
68.8145	18.2349
127.27	92.8936
86.4163	24.8737
116.884	101.9
81.8563	91.2317
11.5588
2.40657
8.34436
26.8938
33.1213
21.843
1.55192
24.2136
23.917
16.4612
29.8108
22.267
12.7717
22.5277
26.8418
14.6394
20.9587
12.2307
2.3274
16.5243
12.2067
22.5839
13.0859
4.45107
24.0624
15.2642
11.1826
28.0035
31.6276
15.4931
0.969306	0.908931	0.810901	0.994298	0.246977	0.816769	0.980019	0.67629	0.904146	0.687017	0.693989	0.739504	0.532923	0.423439	0.879784	0.803403	0.883321	0.735681	0.948122	0.809868	0.805091	0.495468	0.560738	0.964567	0.791366	0.967322	0.414634	0.664224	0.66641	0.859713	
0.168242	0.698228	0.659814	0.200945	0.781526	0.297233	0.186639	0.708023	0.764174	0.591426	0.259265	0.183905	0.740957	0.456228	0.511576	0.1863	0.50439	0.174637	0.198796	0.585531	0.103888	0.307163	0.554379	0.588673	0.678457	0.663024	0.601287	0.216364	0.464558	0.361851	
0.86587	0.308147	0.224204	0.938243	0.431746	0.532684	0.926072	0.0616573	0.266586	0.185408	0.504417	0.584082	0.134851	0.769863	0.41235	0.614533	0.421823	0.842916	0.761021	0.282591	0.68212	0.62961	0.217874	0.448896	0.189774	0.400426	0.890195	0.807984	0.302846	0.515736	
0.282346	0.516545	0.476324	0.350438	0.67658	0.129005	0.338038	0.532349	0.581042	0.412415	0.0858469	0.0109392	0.583625	0.493581	0.335947	0.0532521	0.329815	0.323429	0.207188	0.40221	0.0939512	0.300729	0.391962	0.419633	0.49536	0.487841	0.651399	0.331097	0.286665	0.198138	
0.775838	0.970213	0.881427	0.77735	0.491483	0.739609	0.764124	0.796836	0.992042	0.755776	0.611959	0.623458	0.698146	0.157296	0.875063	0.684133	0.874899	0.493202	0.79542	0.850837	0.653651	0.33328	0.632219	0.968419	0.873911	0.999422	0.0981258	0.421899	0.681969	0.799945	
0.535012	0.464	0.382531	0.592163	0.419294	0.292286	0.578456	0.351439	0.49714	0.266332	0.182475	0.251613	0.347626	0.41945	0.368643	0.307544	0.369867	0.452249	0.466883	0.341587	0.344323	0.246027	0.174926	0.460528	0.38277	0.48795	0.565821	0.415184	0.171227	0.330944	
0.306961	0.52591	0.544837	0.387011	0.950607	0.244898	0.384822	0.6761	0.607045	0.555238	0.361645	0.324942	0.784997	0.800227	0.33822	0.262172	0.327891	0.555565	0.189318	0.467132	0.300939	0.612844	0.603279	0.357613	0.577266	0.445635	0.955831	0.593748	0.466177	0.22826	
0.571376	0.863383	0.785113	0.57227	0.555239	0.572433	0.55898	0.738015	0.899875	0.668023	0.451164	0.445149	0.678523	0.048046	0.736671	0.501247	0.734577	0.289771	0.598165	0.739128	0.460076	0.167763	0.560072	0.83009	0.785357	0.874781	0.197477	0.217678	0.569352	0.63784	
0.668706	0.935143	0.852196	0.665951	0.546432	0.665153	0.652978	0.788755	0.965839	0.730697	0.541139	0.54076	0.711059	0.0573708	0.820071	0.598248	0.818678	0.38017	0.697493	0.812221	0.559097	0.25533	0.614839	0.913815	0.849212	0.953557	0.101027	0.309866	0.641579	0.72916	
0.165477	0.827324	0.791762	0.132657	0.885314	0.422787	0.120951	0.840074	0.894879	0.724108	0.391968	0.31648	0.867436	0.490948	0.637067	0.312114	0.629323	0.155119	0.268885	0.716691	0.229443	0.386566	0.683479	0.709589	0.81091	0.787265	0.616388	0.225522	0.597197	0.483847	
0.697211	1.03088	0.950387	0.681554	0.645755	0.739309	0.669723	0.892468	1.06466	0.830689	0.620062	0.609184	0.816771	0.149108	0.906657	0.662235	0.90454	0.395986	0.74386	0.907041	0.612933	0.337751	0.717292	1.00006	0.948866	1.04438	0.0851879	0.334	0.736729	0.805634	
0.822867	0.434687	0.337417	0.885513	0.269706	0.524101	0.872145	0.182882	0.41536	0.233357	0.455609	0.534152	0.0560161	0.619392	0.472925	0.57951	0.480292	0.74277	0.737468	0.363341	0.631904	0.503856	0.155713	0.535928	0.310913	0.511433	0.729042	0.697156	0.291662	0.529774	
0.452681	0.31287	0.277439	0.531679	0.63562	0.108425	0.521132	0.365144	0.378205	0.240454	0.151716	0.205552	0.458969	0.623345	0.143806	0.207652	0.140716	0.522124	0.337981	0.200302	0.287951	0.42671	0.276389	0.236221	0.30039	0.291397	0.779524	0.518842	0.139012	0.0993588	
0.329188	0.928909	0.879491	0.286404	0.859776	0.538199	0.277448	0.899019	0.989211	0.793535	0.47308	0.411551	0.89726	0.391072	0.750245	0.429033	0.743783	0.102437	0.424208	0.810464	0.3487	0.355138	0.728326	0.831153	0.893463	0.902204	0.489895	0.153256	0.668791	0.60493	
0.752687	0.297399	0.199246	0.82325	0.405101	0.427206	0.810826	0.0779999	0.28742	0.0975278	0.38815	0.468196	0.144507	0.666786	0.340963	0.501951	0.349118	0.724446	0.652523	0.224933	0.566715	0.516449	0.101799	0.398192	0.175503	0.371796	0.79536	0.690663	0.191556	0.419229	
