15	20
42.6584	101.319
4.11584	94.3827
145.499	125.655
71.2835	12.4351
97.5369	11.5796
154.521	36.2578
175.05	20.3694
87.4158	78.4747
13.6687	76.7943
173.8	39.0182
117.514	82.5907
135.374	31.3857
26.0606	119.118
91.8421	154.393
66.2664	81.0179
21.3699
2.63629
1.76092
25.2279
19.7811
4.19081
5.70269
14.2028
27.0515
27.0863
24.9985
14.2861
19.4454
32.5275
13.7938
9.74181
27.498
14.6429
31.2918
17.6941
0.479816	0.543427	0.354213	0.702131	0.440332	0.30948	0.803629	0.319936	0.151374	0.686603	0.631512	0.648392	0.468157	0.341139	0.40966	0.653319	0.595041	0.560678	0.435151	0.261136	
0.470745	0.403839	0.0698102	0.420468	0.36483	0.0477078	0.554751	0.429284	0.437502	0.440282	0.473995	0.49707	0.280533	0.213352	0.124766	0.371324	0.513956	0.476957	0.375871	0.453363	
0.590142	0.645847	0.397977	0.72948	0.547641	0.373794	0.801356	0.425699	0.175267	0.686185	0.732683	0.750664	0.56079	0.438618	0.466117	0.682128	0.703727	0.668918	0.543549	0.352271	
0.781073	0.775683	0.402818	0.643729	0.707259	0.430911	0.646885	0.649823	0.424974	0.54349	0.85259	0.874585	0.661153	0.567487	0.484144	0.60406	0.866056	0.829007	0.710399	0.595498	
0.192616	0.345358	0.451093	0.7728	0.217467	0.368556	0.937338	0.0438545	0.328795	0.825621	0.43061	0.438418	0.348564	0.2423	0.453072	0.725853	0.335533	0.308985	0.199193	0.146717	
0.959064	0.816964	0.453396	0.267847	0.836652	0.537162	0.101688	0.944484	0.886661	0.0958881	0.847109	0.871653	0.687661	0.697423	0.472427	0.275878	0.95388	0.921424	0.854265	0.960668	
0.422053	0.505567	0.375646	0.726664	0.394606	0.318029	0.843099	0.253874	0.141492	0.726101	0.594773	0.60994	0.444247	0.313941	0.420356	0.677536	0.544926	0.511874	0.386797	0.195742	
0.579894	0.602158	0.30915	0.634082	0.517763	0.296441	0.706064	0.441961	0.255183	0.590513	0.685531	0.705414	0.503399	0.391	0.381731	0.58704	0.676853	0.640541	0.517737	0.392839	
0.551835	0.538668	0.208244	0.534259	0.470825	0.205889	0.618668	0.447344	0.333262	0.501922	0.617223	0.638703	0.428041	0.329819	0.283214	0.486753	0.629125	0.591981	0.47513	0.425777	
0.737166	0.608412	0.229172	0.208371	0.616695	0.312816	0.265492	0.721183	0.689943	0.148973	0.649282	0.674176	0.476133	0.474447	0.252481	0.173457	0.741744	0.70783	0.633382	0.7429	
0.564667	0.413952	0.144478	0.228013	0.438971	0.194589	0.40851	0.588601	0.64451	0.310748	0.450423	0.475294	0.284321	0.312487	0.0942791	0.180819	0.550476	0.51817	0.45829	0.638314	
0.902444	0.769177	0.391941	0.257968	0.781778	0.475963	0.153169	0.880867	0.818473	0.0796806	0.804574	0.829337	0.638044	0.639624	0.417297	0.253661	0.904296	0.870949	0.79861	0.894364	
0.464318	0.242414	0.426873	0.444626	0.357051	0.405846	0.667082	0.601987	0.805545	0.603397	0.202625	0.220072	0.22384	0.353804	0.346188	0.42426	0.360511	0.346794	0.379959	0.702265	
0.226109	0.446576	0.698377	0.992697	0.348665	0.614357	1.1755	0.232458	0.525775	1.06808	0.502519	0.496772	0.519224	0.458675	0.685194	0.948766	0.34796	0.348242	0.325674	0.307437	
0.804822	0.754569	0.341657	0.50812	0.710845	0.397668	0.49005	0.709256	0.543206	0.390406	0.821108	0.844867	0.627823	0.560932	0.417638	0.473443	0.863892	0.826712	0.719063	0.679709	
