10	40
175.658	153.288
142.226	37.1983
149.407	127.448
104.121	85.7588
84.6925	143.785
141.146	88.3509
75.0448	89.4992
16.2379	111.832
32.9771	115.516
38.3431	114.702
10.3815
10.9802
7.3186
4.67784
12.9596
24.7125
13.909
19.6978
24.217
6.08818
10.4586
7.47744
25.7232
14.8003
9.28276
12.7928
2.91123
3.01605
5.86648
18.3808
12.7034
0.245544
2.17613
7.60142
21.4622
22.2671
13.6682
25.7767
8.41157
7.80881
23.5363
15.2705
4.86309
18.1053
17.1215
2.89902
26.294
26.8436
14.5635
16.4184
0.763815	0.660722	0.134189	0.51369	0.211778	0.601395	0.762939	0.217474	0.419228	0.331295	0.984618	0.759267	0.906102	0.732967	0.639538	0.833047	0.706974	0.352868	0.804034	0.870043	0.706963	0.776451	0.330512	0.844117	0.487447	0.741619	0.625591	0.621222	0.398539	1.11685	0.482154	0.939315	0.688943	0.852427	0.758227	0.347387	0.735366	0.984469	0.549205	0.77189	
0.40622	0.299504	0.985248	0.430169	0.791495	0.667644	0.626324	0.954755	0.543009	0.829163	0.153382	0.434671	0.0368917	0.515642	0.501541	0.690395	0.668648	0.81609	0.713517	0.0443541	0.455065	0.157174	0.696822	0.824584	0.425269	0.56744	0.505895	0.357804	0.598722	0.233739	0.614853	0.851631	0.356022	0.171975	0.300446	0.651174	0.179209	0.322223	0.467476	0.13857	
0.454843	0.255705	0.748256	0.145496	0.579031	0.60338	0.639256	0.741529	0.370619	0.65514	0.417336	0.476465	0.302604	0.531353	0.466353	0.721406	0.649997	0.649325	0.727785	0.245744	0.23434	0.231138	0.516922	0.831626	0.175402	0.580047	0.462414	0.074858	0.309942	0.522657	0.496702	0.888302	0.124633	0.333645	0.35723	0.363935	0.119545	0.522257	0.181089	0.16366	
0.251776	0.312794	0.566176	0.501998	0.366257	0.0734893	0.191583	0.481635	0.222278	0.306517	0.587886	0.232734	0.577797	0.173844	0.110815	0.269239	0.150678	0.283937	0.250232	0.585265	0.742393	0.448625	0.242768	0.328639	0.412846	0.170011	0.101772	0.569254	0.579169	0.720845	0.0922184	0.408877	0.647284	0.45708	0.317739	0.585682	0.507509	0.497703	0.602379	0.512047	
0.342323	0.381751	0.488709	0.524225	0.298633	0.0914738	0.257932	0.398053	0.225122	0.220231	0.673308	0.323626	0.655452	0.262385	0.200009	0.323312	0.197136	0.196722	0.294392	0.65742	0.772474	0.522172	0.184728	0.34784	0.436451	0.250809	0.189538	0.604188	0.575244	0.807537	0.0787426	0.438366	0.685109	0.540085	0.402524	0.572802	0.568103	0.588423	0.621878	0.577931	
0.393422	0.192721	0.678013	0.123136	0.499892	0.517792	0.563533	0.663651	0.282798	0.56954	0.425541	0.412155	0.325062	0.459073	0.387166	0.647271	0.569165	0.562899	0.650714	0.280511	0.3048	0.218518	0.431152	0.752177	0.104532	0.505678	0.382027	0.129689	0.290469	0.545122	0.408383	0.812874	0.203406	0.318249	0.306896	0.337609	0.144197	0.499031	0.203353	0.183933	
0.30783	0.217805	0.500649	0.300054	0.294051	0.275248	0.375496	0.452127	0.0414262	0.321507	0.546272	0.307822	0.493609	0.303806	0.206764	0.460165	0.352979	0.310183	0.449099	0.47833	0.546912	0.354982	0.188428	0.534327	0.211472	0.331558	0.194466	0.378898	0.375581	0.682815	0.146932	0.611343	0.460293	0.408898	0.299652	0.387422	0.367129	0.524623	0.399232	0.386994	
0.658833	0.460368	0.835458	0.243204	0.70167	0.79637	0.842728	0.853989	0.539	0.801844	0.564684	0.680895	0.44115	0.735701	0.667807	0.925459	0.850178	0.80075	0.930701	0.374964	0.0403677	0.41635	0.668306	1.03305	0.323941	0.783941	0.662949	0.153895	0.322791	0.64004	0.67858	1.09201	0.0800797	0.513369	0.558554	0.378006	0.295947	0.701677	0.171776	0.331348	
0.410797	0.21828	0.610202	0.0896722	0.435987	0.493091	0.559029	0.598968	0.234863	0.513326	0.486663	0.425784	0.391009	0.461375	0.379672	0.644326	0.555499	0.508507	0.643102	0.348679	0.322653	0.27631	0.375554	0.739649	0.035682	0.504082	0.372294	0.153902	0.238648	0.609698	0.372176	0.806721	0.235971	0.371587	0.337909	0.280498	0.212742	0.544898	0.188521	0.251384	
0.40842	0.375725	1.08823	0.569425	0.886173	0.69764	0.619695	1.04563	0.632085	0.903916	0.0566154	0.435532	0.132469	0.519031	0.533245	0.668955	0.67535	0.887799	0.699587	0.193939	0.605571	0.248247	0.779814	0.808158	0.551666	0.56657	0.541145	0.505572	0.739357	0.0923712	0.674629	0.81805	0.507182	0.188791	0.325242	0.789699	0.318094	0.234975	0.614976	0.274009	
