15	20
113.759	58.8943
21.2065	31.3984
51.4509	134.542
53.7935	108.635
102.355	10.0259
119.962	128.535
104.349	131.306
6.61973	118.679
2.83952	119.448
76.4043	145.128
179.605	142.52
56.5294	109.091
22.5922	67.6984
176.877	151.917
124.326	152.865
44.1889
27.0119
42.3712
6.4636
17.0321
12.7167
35.4667
40.4553
32.3526
40.5026
18.656
37.5691
6.28379
10.0532
48.0872
22.4999
29.9906
1.79238
29.3546
34.0463
0.625175	0.829963	0.768322	0.32783	0.716807	1.06148	0.641211	0.506483	0.707572	0.444521	0.756711	0.919775	0.503614	0.613376	0.754881	0.652746	0.475875	0.602141	0.746748	0.605612	
0.380736	0.257057	0.368483	0.574086	0.731973	0.444444	0.324643	0.509819	0.54255	0.652618	0.271151	0.371196	0.481842	0.327246	0.380067	0.323114	0.667667	0.326159	0.365306	1.05236	
0.531949	0.774476	0.673158	0.25361	0.623459	0.96596	0.551456	0.471473	0.609822	0.437132	0.665849	0.874499	0.461621	0.525774	0.659432	0.596978	0.47299	0.539148	0.702113	0.547929	
0.297794	0.786178	0.335558	0.437483	0.133543	0.572196	0.359421	0.677703	0.172047	0.748376	0.407125	0.924414	0.643458	0.37579	0.319454	0.658205	0.787318	0.581168	0.791805	0.389572	
0.125818	0.619503	0.150578	0.398324	0.258285	0.424411	0.18609	0.580123	0.0901885	0.680268	0.215367	0.759774	0.542561	0.214046	0.134112	0.515117	0.716005	0.442672	0.644469	0.580121	
0.713571	0.759967	0.863709	0.382404	0.900696	1.15119	0.708508	0.412787	0.849369	0.295326	0.823151	0.817368	0.428429	0.672135	0.853352	0.596588	0.311172	0.572584	0.652251	0.843174	
0.597663	0.816481	0.739893	0.306834	0.685951	1.03288	0.615205	0.499048	0.677052	0.445604	0.730286	0.909813	0.493915	0.588221	0.726299	0.638914	0.478537	0.585782	0.736776	0.581971	
0.273433	0.233347	0.319432	0.421575	0.651424	0.495662	0.211478	0.377173	0.468968	0.518992	0.21477	0.372934	0.345167	0.199521	0.325284	0.206159	0.538778	0.184917	0.295783	0.935286	
0.56811	0.101779	0.640343	0.544697	0.949397	0.79589	0.508332	0.320953	0.777281	0.432398	0.536504	0.0957156	0.320456	0.480796	0.645047	0.199691	0.427044	0.276236	0.0773576	1.17533	
0.593303	0.388468	0.7217	0.378878	0.923822	0.961598	0.55356	0.124348	0.7945	0.115974	0.63949	0.416144	0.162057	0.513635	0.718655	0.272514	0.0991608	0.301358	0.26588	1.03626	
0.457457	0.861739	0.55885	0.369385	0.378235	0.829113	0.504571	0.640729	0.431754	0.658411	0.595739	0.986482	0.61656	0.498647	0.542597	0.698585	0.697824	0.624319	0.826443	0.294054	
0.066297	0.526178	0.205846	0.281992	0.3623	0.499139	0.112282	0.454159	0.216158	0.554157	0.206786	0.664273	0.416806	0.117744	0.193323	0.402516	0.589643	0.327024	0.535028	0.61919	
0.261026	0.465807	0.410399	0.0824354	0.543603	0.695322	0.252666	0.261621	0.43094	0.338848	0.36806	0.584618	0.22927	0.217273	0.40126	0.296212	0.376177	0.22495	0.422711	0.687308	
0.34938	0.775453	0.22786	0.658844	0.283619	0.26405	0.38857	0.818228	0.191517	0.930178	0.329615	0.912301	0.779982	0.427848	0.226548	0.71688	0.964049	0.654941	0.832966	0.683879	
0.437901	0.920131	0.473996	0.522265	0.160857	0.689519	0.498895	0.781279	0.301162	0.834028	0.548929	1.05684	0.749638	0.512413	0.458214	0.783506	0.873764	0.705862	0.917377	0.253657	
