15	30
19.4495	27.4774
129.075	100.549
151.567	92.8495
116.242	115.669
29.536	65.7274
120.674	112.183
163.545	145.605
48.121	96.157
31.1907	47.8756
150.883	33.9328
95.1658	117.249
0.00359671	34.1423
175.507	99.3411
132.967	97.0289
116.249	159.605
10.379
28.6083
14.3343
33.5667
12.182
24.647
35.6057
39.7918
3.88935
26.0419
31.8324
7.23867
7.16311
38.0292
39.3387
36.908
19.08
40.3577
17.1224
24.819
19.6709
35.0454
15.601
37.7407
37.4134
6.88546
9.59201
6.57689
11.5122
1.72207
0.59938	0.558083	1.07146	0.28418	1.03478	0.763021	1.25875	0.845778	0.225612	0.505184	0.479475	0.843194	1.16466	0.477575	0.237154	0.800155	0.444703	0.965398	0.824271	0.736235	1.17672	0.332567	0.3267	0.221786	0.30304	0.259181	0.515932	0.736785	0.07678	0.768685	
1.12407	0.389077	0.84481	0.754072	0.337249	1.2044	0.836036	0.0892676	0.739906	0.51257	0.50826	0.96549	0.84115	0.835521	0.947871	1.22883	1.0489	0.190979	0.2518	0.844692	0.731301	0.61274	0.993687	0.791338	0.692365	0.717451	0.580574	0.259511	0.919402	1.09994	
0.244912	0.862043	0.508516	0.510028	0.862493	0.208383	0.750568	0.942442	0.810775	0.56694	0.599078	0.158499	0.625363	0.280494	0.505906	0.221962	0.341833	0.906272	0.774031	0.187661	0.720697	0.645739	0.433064	0.552184	0.552046	0.581508	0.47682	0.76146	0.803499	0.0835457	
0.800742	0.108788	0.900379	0.347643	0.657794	0.929595	1.01655	0.404749	0.252154	0.256431	0.214801	0.826582	0.958344	0.532686	0.51997	0.96268	0.680118	0.555273	0.438135	0.690195	0.916335	0.175457	0.590546	0.357469	0.282377	0.283727	0.340475	0.341011	0.431213	0.867538	
0.194739	0.854362	0.555838	0.483447	0.88902	0.179959	0.79712	0.95149	0.783134	0.563028	0.592595	0.20854	0.67253	0.257411	0.464626	0.200744	0.293249	0.925628	0.789449	0.219358	0.764093	0.627289	0.388476	0.521701	0.529734	0.556314	0.474242	0.770765	0.766674	0.0824887	
0.917087	0.624468	0.409911	0.725689	0.146527	0.939866	0.392804	0.430238	0.879733	0.488761	0.519894	0.626741	0.392342	0.671945	0.896173	0.953676	0.903412	0.263538	0.251751	0.544652	0.286419	0.674854	0.899839	0.784758	0.690888	0.733619	0.48473	0.339465	1.01428	0.812816	
0.703717	0.478495	1.10437	0.3231	1.00335	0.864648	1.27475	0.780367	0.126323	0.491942	0.45851	0.908849	1.18959	0.543677	0.340375	0.901715	0.55053	0.918986	0.78635	0.791625	1.18634	0.30349	0.432585	0.268231	0.315916	0.271342	0.523988	0.693412	0.0621838	0.857475	
0.697894	0.771668	0.132903	0.674801	0.461876	0.678758	0.307968	0.684156	0.917363	0.522839	0.565091	0.338266	0.205915	0.525976	0.795572	0.684952	0.731469	0.560888	0.485016	0.303978	0.252163	0.701949	0.767245	0.737078	0.668648	0.713649	0.464485	0.532963	1.00259	0.545394	
0.890172	0.8911	0.168109	0.859897	0.439479	0.85696	0.115105	0.737756	1.08284	0.679811	0.720007	0.510179	0.0879757	0.72296	0.990242	0.858787	0.929137	0.572762	0.548064	0.498674	0.0687992	0.866977	0.96454	0.922454	0.846956	0.892253	0.63588	0.621292	1.18284	0.723256	
0.149914	0.966899	0.665431	0.566419	1.02455	0.0445366	0.908438	1.0816	0.8575	0.682671	0.708812	0.311422	0.782083	0.358005	0.501947	0.0725803	0.298872	1.0608	0.923413	0.352404	0.88408	0.724272	0.413746	0.593697	0.620894	0.640593	0.59633	0.901419	0.813369	0.0985537	
0.804006	0.410026	0.521068	0.528139	0.258382	0.863693	0.586041	0.298335	0.656592	0.276505	0.302333	0.607545	0.548712	0.527679	0.711646	0.885119	0.757419	0.243744	0.107415	0.489677	0.482079	0.455838	0.731004	0.583216	0.484615	0.524784	0.296136	0.141153	0.797216	0.751368	
0.652292	0.236471	0.791377	0.210951	0.644763	0.778141	0.934176	0.466127	0.264314	0.141189	0.101548	0.683219	0.861797	0.380801	0.398911	0.811012	0.538328	0.571774	0.431102	0.548099	0.839982	0.0612077	0.458278	0.237894	0.144745	0.162774	0.206382	0.343099	0.401416	0.715892	
0.418952	0.470992	0.729633	0.0639299	0.758649	0.552575	0.920717	0.665383	0.362407	0.243917	0.245884	0.525059	0.823613	0.169283	0.210634	0.587007	0.305508	0.724952	0.573863	0.404928	0.842923	0.210039	0.240299	0.121617	0.105574	0.131807	0.206006	0.508188	0.392403	0.507126	
0.721953	0.559834	0.350136	0.553176	0.315874	0.752457	0.450282	0.46945	0.748586	0.344668	0.383447	0.459575	0.390993	0.477322	0.712056	0.768737	0.708013	0.372966	0.271647	0.359791	0.355138	0.534075	0.709142	0.614591	0.52811	0.572823	0.314804	0.313055	0.861667	0.629282	
0.432353	0.918591	0.343855	0.637737	0.788828	0.358451	0.585961	0.93642	0.933469	0.622406	0.661328	0.0490989	0.459111	0.414593	0.672449	0.355541	0.526733	0.860997	0.748673	0.18375	0.572944	0.744311	0.608595	0.689231	0.665863	0.702609	0.534172	0.760166	0.953825	0.228703	
