15	40
67.0668	99.9784
75.7008	101.449
62.8952	41.4017
14.0704	91.3841
68.4944	14.064
30.4676	122.557
49.0899	116.228
71.6439	39.6826
45.6523	121.626
29.5999	115.88
66.5665	27.4648
41.4459	44.9272
78.4124	55.5228
8.7423	59.1073
23.9852	109.229
0.419571
8.56689
7.72967
16.3452
8.69724
3.00137
9.16495
6.69988
14.2275
18.4388
4.35697
1.52175
5.77314
10.5909
3.77959
10.7841
13.9779
13.4086
8.97234
4.30397
13.1889
16.2201
7.95584
10.6823
11.8449
16.3934
15.516
8.68624
9.54901
13.6668
10.9366
13.8237
8.21066
6.76762
13.8981
6.53352
6.31187
7.1061
11.8058
6.97633
0.305257	0.764078	0.188426	0.831608	0.341176	0.194752	0.341475	0.487791	0.652977	0.100565	0.354622	0.385572	0.298235	0.436927	0.435473	0.553699	0.296853	0.683148	0.278151	0.554716	0.34893	0.653683	0.42714	0.120599	0.640993	0.267242	0.421844	0.408015	0.480525	0.50535	0.709103	0.501033	0.158214	0.520559	0.606408	0.607474	0.261378	0.431493	0.328917	0.0319812	
0.0862266	0.735467	0.113378	0.85639	0.624648	0.344312	0.589765	0.700736	0.75102	0.208835	0.48233	0.324386	0.274943	0.6151	0.685683	0.773249	0.225954	0.712586	0.355224	0.27549	0.36828	0.389962	0.36122	0.400822	0.624913	0.13118	0.1702	0.335283	0.737308	0.421884	0.617588	0.783034	0.442389	0.403706	0.425624	0.630605	0.53722	0.310682	0.420475	0.315221	
0.619152	0.0608145	0.758846	0.238091	0.907773	0.939369	0.725616	0.659021	0.376391	0.674891	0.474773	0.39053	0.95849	0.554106	0.767009	0.705751	0.919286	0.203354	1.00044	0.690378	1.04446	0.627254	0.349008	0.835846	0.12908	0.582998	0.59872	0.374182	0.815572	0.282804	0.123981	0.990045	0.829109	0.309675	0.378196	0.207836	0.803217	1.01525	0.451945	0.759194	
0.302467	0.414849	0.385248	0.500509	0.543115	0.537609	0.396708	0.421441	0.381328	0.275779	0.162436	0.104194	0.580682	0.309485	0.472232	0.49226	0.550685	0.35205	0.605724	0.505426	0.658933	0.530871	0.121496	0.433111	0.292188	0.241212	0.357155	0.122104	0.528744	0.186997	0.371433	0.66021	0.432241	0.228127	0.359048	0.271073	0.433418	0.666832	0.0937436	0.353733	
0.443867	0.960338	0.275962	1.0244	0.359354	0.0571183	0.454281	0.621217	0.834376	0.281549	0.539707	0.575564	0.230015	0.597143	0.534026	0.676762	0.264891	0.87668	0.140798	0.660042	0.223754	0.779035	0.617884	0.162364	0.837245	0.427577	0.554505	0.597137	0.5646	0.695625	0.901173	0.512847	0.209821	0.705468	0.776685	0.802279	0.336057	0.376697	0.522026	0.197882	
0.626895	0.757309	0.563979	0.738927	0.169569	0.511911	0.0599674	0.181131	0.496081	0.43153	0.314876	0.553762	0.664395	0.23531	0.0619469	0.214714	0.673183	0.618303	0.607484	0.882504	0.689783	0.949467	0.577899	0.316635	0.64969	0.566141	0.731796	0.575111	0.0994588	0.640191	0.793645	0.212007	0.264321	0.684633	0.813688	0.575103	0.136447	0.806578	0.366804	0.350626	
0.162673	0.644356	0.322251	0.794733	0.794756	0.554727	0.718833	0.793086	0.752314	0.37353	0.541983	0.296631	0.473496	0.689162	0.81044	0.866232	0.420195	0.666843	0.56326	0.116439	0.566689	0.185786	0.31274	0.588503	0.555408	0.211875	0.0461672	0.291994	0.865944	0.337221	0.491269	0.945594	0.62228	0.294022	0.252518	0.589978	0.695827	0.466007	0.470988	0.495553	
0.671288	0.296237	0.744095	0.223024	0.675849	0.849525	0.478742	0.358263	0.0332188	0.614312	0.301203	0.440061	0.929801	0.284118	0.486299	0.386753	0.907167	0.14009	0.932718	0.846667	0.997886	0.835165	0.421098	0.690202	0.24812	0.611059	0.710546	0.441962	0.523986	0.415424	0.424996	0.715678	0.662735	0.472041	0.601516	0.1674	0.589625	1.03009	0.335833	0.644847	
0.35738	0.833417	0.214519	0.897129	0.322072	0.135983	0.362789	0.5209	0.711203	0.165847	0.41455	0.455514	0.271013	0.48299	0.451959	0.58253	0.282429	0.749224	0.227574	0.5976	0.305112	0.704254	0.497245	0.0868529	0.71026	0.327116	0.473305	0.477806	0.491392	0.575418	0.779455	0.483711	0.138831	0.589522	0.671491	0.674659	0.262266	0.41414	0.394553	0.0709526	
0.641045	0.750318	0.582551	0.726925	0.189704	0.534525	0.0689574	0.16202	0.482405	0.448445	0.314807	0.559833	0.686058	0.225053	0.0387617	0.192219	0.694117	0.609056	0.630141	0.895843	0.712342	0.960206	0.582553	0.339088	0.644676	0.579476	0.744499	0.580775	0.0809022	0.643026	0.7919	0.217149	0.287005	0.688718	0.81931	0.56845	0.159417	0.827739	0.369931	0.370823	
0.532207	0.807417	0.436392	0.821978	0.105941	0.354165	0.151536	0.322179	0.595234	0.322229	0.344336	0.521869	0.512366	0.332106	0.221458	0.369311	0.526217	0.686458	0.449364	0.788848	0.532102	0.873588	0.554965	0.161144	0.689585	0.47967	0.645389	0.545147	0.252394	0.6275	0.807924	0.256283	0.107459	0.661723	0.776578	0.628116	0.02435	0.657404	0.369161	0.215991	
0.387343	0.834029	0.251546	0.890147	0.282707	0.1602	0.33016	0.49175	0.69652	0.186573	0.402918	0.467569	0.307077	0.460557	0.41732	0.551426	0.320749	0.743348	0.255018	0.631671	0.335111	0.735397	0.508465	0.0474874	0.710873	0.352522	0.503807	0.490387	0.455186	0.586675	0.788542	0.444351	0.0998616	0.604285	0.692328	0.670782	0.225077	0.45158	0.389583	0.0704245	
0.111743	0.54039	0.270853	0.670409	0.654703	0.490201	0.559203	0.62527	0.596617	0.253833	0.37346	0.142018	0.463759	0.520632	0.6484	0.698274	0.419099	0.531733	0.526767	0.284488	0.55484	0.332213	0.171253	0.471386	0.434163	0.0940227	0.134126	0.146051	0.704537	0.224892	0.420434	0.798169	0.495435	0.206831	0.255589	0.451017	0.550299	0.507837	0.302536	0.376218	
0.469895	0.350446	0.640315	0.527281	0.95805	0.860189	0.811017	0.803961	0.60508	0.611056	0.559701	0.3342	0.826707	0.688015	0.879424	0.866513	0.777991	0.452471	0.896696	0.443537	0.919583	0.352386	0.299665	0.816934	0.329025	0.464482	0.400892	0.310678	0.934713	0.230448	0.168327	1.07661	0.829088	0.193425	0.131008	0.408155	0.848274	0.844296	0.503655	0.724978	
0.505436	0.958041	0.350774	1.00439	0.261546	0.160186	0.382912	0.553421	0.797785	0.314762	0.513785	0.598296	0.333834	0.546345	0.453285	0.602569	0.366298	0.859853	0.242686	0.738295	0.324465	0.85009	0.639067	0.120611	0.835192	0.477212	0.620459	0.62115	0.477796	0.717244	0.918395	0.410755	0.146329	0.735033	0.82102	0.790306	0.2575	0.480836	0.509951	0.2009	
