10	30
31.1263	156.471
60.0369	158.793
79.1542	68.39
20.1257	81.2443
43.7177	119.654
113.824	134.124
171.465	71.9275
44.2916	87.3712
5.75147	50.1557
115.141	29.9322
25.4494
16.2018
13.0644
4.36795
5.93232
4.6924
26.542
7.23654
17.7954
24.1774
3.02434
11.4165
20.3743
16.8023
15.7242
21.3566
23.1265
18.8441
14.0887
20.6728
20.39
19.8533
6.5775
21.411
23.1032
21.1603
21.477
20.7966
6.45408
6.91893
0.448045	0.516897	0.485947	0.745341	0.670858	0.503978	0.234478	0.617838	0.195749	0.240407	0.696851	0.384911	0.29255	0.38289	0.444279	0.489079	0.242614	0.622339	0.536521	0.664954	0.455806	0.6994	0.539655	0.437735	0.245907	0.522702	0.373592	0.193956	0.475582	0.449944	
0.315576	0.675573	0.63549	0.849124	0.779767	0.179702	0.295678	0.928874	0.426119	0.48527	0.768628	0.557006	0.240795	0.224184	0.770593	0.776959	0.0875757	0.884265	0.708933	0.870274	0.330997	1.01429	0.737162	0.72526	0.0901713	0.805956	0.09566	0.40035	0.73025	0.247816	
0.782464	0.88837	0.861331	1.12371	1.04963	0.681641	0.231766	0.815448	0.570432	0.601388	1.08001	0.759545	0.637969	0.698091	0.576337	0.761379	0.455252	0.916304	0.18229	1.00662	0.794123	0.872002	0.216674	0.718969	0.445745	0.797928	0.495219	0.190418	0.793678	0.749813	
0.124139	0.406355	0.365413	0.558495	0.490745	0.376336	0.479219	0.778545	0.271962	0.317418	0.476515	0.309636	0.057253	0.114157	0.691495	0.599693	0.289165	0.668408	0.8595	0.612741	0.127146	0.868418	0.869232	0.553191	0.302743	0.619883	0.387718	0.511911	0.520689	0.176193	
0.294037	0.247709	0.21989	0.294987	0.239103	0.627158	0.737269	0.755403	0.386658	0.391142	0.202107	0.257441	0.335241	0.363067	0.758079	0.56873	0.566855	0.567867	1.08073	0.441632	0.279807	0.84102	1.07934	0.539038	0.580381	0.572764	0.666705	0.738692	0.45842	0.38935	
0.42711	0.681092	0.644126	0.884963	0.811773	0.328177	0.140732	0.84094	0.382991	0.438838	0.817147	0.551421	0.303712	0.337211	0.656601	0.709709	0.0841346	0.836169	0.554133	0.855836	0.440664	0.921633	0.580682	0.657945	0.0735231	0.742369	0.161181	0.246275	0.685146	0.3814	
0.877087	0.613679	0.616453	0.831914	0.775416	1.01066	0.661143	0.220014	0.481716	0.443723	0.847149	0.552173	0.737666	0.843462	0.0643556	0.291242	0.750675	0.424125	0.631708	0.593555	0.878109	0.255176	0.586026	0.291531	0.753297	0.314748	0.87759	0.528158	0.397452	0.914331	
0.182006	0.613107	0.57216	0.755065	0.690587	0.169559	0.430452	0.947144	0.428257	0.484034	0.666388	0.511491	0.177376	0.101543	0.821582	0.778545	0.206689	0.863698	0.842926	0.81876	0.197942	1.03579	0.866589	0.728906	0.216389	0.802908	0.229481	0.516203	0.712153	0.10171	
0.63928	0.306477	0.310948	0.529169	0.469638	0.85244	0.637214	0.256291	0.273473	0.215706	0.539986	0.259779	0.527339	0.63096	0.26894	0.0800865	0.628517	0.214499	0.788254	0.32051	0.636222	0.346155	0.760422	0.0297451	0.636269	0.110268	0.767062	0.542129	0.101308	0.698465	
0.882353	0.586199	0.592771	0.795988	0.742786	1.03506	0.704336	0.15861	0.488051	0.444381	0.817593	0.536877	0.748551	0.854882	0.102675	0.251746	0.77948	0.372941	0.692569	0.548486	0.88226	0.19612	0.647424	0.261684	0.783041	0.270444	0.909747	0.574405	0.363564	0.925484	
