15	30
96.9781	83.3046
145.306	54.5703
160.595	127.454
114.859	67.7673
138.839	45.97
89.9162	16.5115
176.557	118.017
93.1423	114.194
152.864	136.663
173.906	90.2908
20.4485	29.1024
6.41275	92.936
79.4671	80.727
51.1365	30.923
105.652	35.3395
20.4132
21.3879
8.44201
11.4613
18.2937
17.5509
18.2337
6.19623
1.04659
13.995
19.0044
14.3607
14.7886
18.7112
1.833
17.0318
10.4436
18.0419
0.759983
1.30959
9.09373
18.8341
4.05488
0.637847
10.5182
12.9353
20.5429
24.6989
19.7815
0.18779
0.441363	0.917501	0.748567	0.34467	0.468311	0.862164	0.435701	0.536552	0.749015	0.828097	0.693409	0.0710805	0.616131	0.16601	0.447774	0.224432	0.527583	0.116077	1.01002	0.609422	0.661334	0.365091	0.574421	0.522521	0.806336	0.318392	0.272985	0.593009	0.813186	0.694856	
0.602267	0.994983	0.691817	0.505926	0.460689	0.914298	0.48236	0.627481	0.904795	0.952061	0.601691	0.232336	0.589164	0.242362	0.485916	0.284851	0.541788	0.260667	1.06239	0.592354	0.806019	0.24977	0.508218	0.657011	0.952716	0.4635	0.380687	0.738996	0.800165	0.744453	
0.795336	0.842176	0.338155	0.719551	0.230597	0.712287	0.363362	0.563269	1.02263	0.930689	0.246681	0.499046	0.280278	0.589291	0.346248	0.330994	0.326872	0.562326	0.848551	0.30043	0.875079	0.126348	0.154476	0.708726	1.01565	0.592523	0.446003	0.82136	0.490362	0.558766	
0.644286	1.0037	0.664162	0.548786	0.449977	0.915728	0.486911	0.64286	0.942484	0.976261	0.565633	0.275999	0.570708	0.286797	0.487934	0.300155	0.53583	0.307107	1.06316	0.576663	0.83857	0.211985	0.479803	0.686243	0.985655	0.497864	0.404927	0.772292	0.783626	0.746325	
0.741873	0.0850578	0.782406	0.774762	0.631088	0.241868	0.519843	0.358303	0.628705	0.26599	0.924004	0.863646	0.650338	1.03422	0.527767	0.698736	0.536838	0.923144	0.272148	0.61386	0.47542	0.935315	0.798122	0.456142	0.494495	0.633834	0.621011	0.503178	0.587099	0.315606	
0.548198	0.704737	0.482982	0.479107	0.186099	0.616038	0.186471	0.359085	0.772649	0.716378	0.469439	0.306382	0.336831	0.448277	0.187648	0.0857583	0.249336	0.380091	0.763956	0.327519	0.631006	0.258292	0.327332	0.465219	0.774754	0.341511	0.194164	0.574116	0.530517	0.44631	
0.0672074	0.798638	0.948666	0.0398187	0.634192	0.817097	0.509098	0.456514	0.387661	0.57807	0.957347	0.304305	0.781963	0.410083	0.534305	0.403813	0.636082	0.305939	0.947284	0.75848	0.351111	0.694382	0.812276	0.287999	0.47781	0.164972	0.307831	0.286142	0.922438	0.68397	
0.936139	0.596619	0.136025	0.894184	0.276862	0.429812	0.381473	0.51154	1.05038	0.822033	0.30611	0.768217	0.127468	0.906693	0.355939	0.537228	0.254316	0.84228	0.530883	0.136377	0.875389	0.51545	0.246035	0.730297	0.985726	0.725395	0.588506	0.846584	0.104634	0.347631	
0.782299	0.205326	0.527226	0.7826	0.426965	0.0668462	0.366098	0.305475	0.775625	0.469128	0.677805	0.785339	0.40875	0.954504	0.361737	0.575697	0.3291	0.855277	0.215283	0.374406	0.600376	0.745069	0.563743	0.506531	0.671992	0.61398	0.540713	0.598987	0.329433	0.103091	
1.01592	0.919904	0.230789	0.944565	0.369965	0.764163	0.526244	0.719047	1.22005	1.07813	0.0494744	0.729265	0.308298	0.812345	0.502702	0.551695	0.439984	0.791768	0.878378	0.344522	1.06149	0.325679	0.168736	0.897398	1.19481	0.807635	0.657966	1.0143	0.453485	0.642765	
0.489559	0.43849	0.991029	0.558143	0.742251	0.559171	0.589216	0.391792	0.280917	0.0914345	1.08902	0.747489	0.827402	0.899178	0.610519	0.676044	0.67416	0.784469	0.625482	0.790997	0.172112	0.979219	0.942045	0.278866	0.139286	0.485117	0.559202	0.233341	0.846576	0.536254	
0.646496	0.542254	0.358514	0.601638	0.0758414	0.42874	0.0948285	0.277704	0.794175	0.639665	0.421505	0.492849	0.186525	0.646471	0.0683485	0.259556	0.0470531	0.567517	0.573853	0.160195	0.627726	0.383541	0.272751	0.468453	0.756084	0.434129	0.295977	0.586947	0.340632	0.263725	
0.52658	1.024	0.797119	0.427643	0.541015	0.961853	0.530812	0.644662	0.844802	0.938403	0.718013	0.165031	0.680774	0.121023	0.53993	0.319512	0.611063	0.161439	1.11018	0.679123	0.766587	0.369077	0.615863	0.631709	0.910226	0.4255	0.3823	0.697861	0.886277	0.793073	
0.784449	0.916465	0.430442	0.701201	0.305557	0.79458	0.416948	0.612444	1.03589	0.97743	0.317199	0.458061	0.374659	0.524692	0.40432	0.332673	0.403579	0.513824	0.933986	0.392656	0.898838	0.0366054	0.24877	0.733356	1.04301	0.593105	0.455169	0.840726	0.585986	0.635736	
0.445812	0.377819	0.680118	0.455561	0.416638	0.38879	0.263665	0.067709	0.475174	0.307442	0.765629	0.525728	0.511009	0.695737	0.284727	0.383297	0.353217	0.584284	0.516945	0.475939	0.298929	0.665658	0.617315	0.171179	0.414752	0.299534	0.288022	0.276746	0.569775	0.277748	
