10	40
11.691	84.8034
98.8562	150.317
128.4	82.6671
91.8061	77.2406
134.964	84.2941
21.9761	113.241
29.3947	35.9692
6.27738	75.2094
67.4364	76.7252
178.325	74.2162
6.99043
18.2848
7.53773
11.3427
2.39438
22.4246
3.1712
0.986763
24.712
16.6797
13.9061
6.42518
12.3043
0.737581
3.22926
1.40394
10.8286
6.94426
7.3993
20.3367
25.3348
4.223
12.1925
4.77712
4.799
14.6142
8.81058
9.64487
1.39223
25.8344
14.1345
16.2021
8.3626
24.815
11.178
2.38172
20.3651
6.26814
3.25625
10.7161
0.405551	0.507821	0.42334	0.223505	0.245323	0.380388	0.0741374	0.128591	0.661806	0.754826	0.584692	0.296422	0.521039	0.583046	0.0496364	0.18327	0.686832	0.130133	0.80217	0.102016	0.222718	0.753051	0.92344	0.553335	0.714812	0.747368	0.287492	0.371115	0.436478	0.454926	0.526572	0.434126	0.850992	0.330288	0.745647	0.898415	0.741563	0.513483	0.3458	0.759981	
0.971971	0.461679	0.369125	0.849443	0.774922	0.382637	0.682043	0.867495	0.252838	0.772673	0.996607	0.499501	0.67368	1.02381	0.724559	0.569974	0.0958417	0.881443	0.383028	0.703204	0.729793	0.366275	0.4874	0.640502	0.22282	0.09202	0.801944	0.419291	0.427845	0.428254	0.251846	0.461522	0.510037	0.623573	0.222969	0.454942	0.025822	0.798728	0.610376	0.274453	
0.254109	1.03212	0.872591	0.8316	0.38122	0.70446	0.650912	0.558629	0.788946	0.415468	0.0369369	0.591605	0.351152	0.0584166	0.664025	0.66404	1.00691	0.599299	0.797432	0.544381	0.418236	1.21046	0.849848	0.395366	1.11045	0.955194	0.336706	0.643513	0.596479	0.959674	0.778877	0.560398	0.747791	0.42698	1.13626	0.845642	1.02225	0.219465	0.93257	1.17323	
0.16526	0.968416	0.815509	0.745882	0.304544	0.655672	0.573125	0.471147	0.771567	0.456918	0.054097	0.537735	0.344039	0.044564	0.58328	0.59536	0.97007	0.51145	0.800383	0.467324	0.345309	1.15838	0.865474	0.39365	1.0655	0.932407	0.259726	0.597156	0.561786	0.897519	0.743374	0.527241	0.764388	0.377561	1.09244	0.857874	0.991162	0.210493	0.85872	1.12686	
0.0331852	0.845168	0.712984	0.564959	0.180536	0.58125	0.419961	0.286477	0.765492	0.580621	0.244109	0.457875	0.398802	0.229062	0.420189	0.469432	0.91275	0.325081	0.836158	0.321665	0.22842	1.06088	0.924418	0.450582	0.986781	0.908373	0.147372	0.53264	0.528918	0.779697	0.697205	0.501125	0.828717	0.329909	1.01586	0.910328	0.946617	0.29689	0.710462	1.04356	
0.209316	0.689067	0.575346	0.391387	0.122346	0.475253	0.252523	0.118374	0.710991	0.657729	0.404544	0.358511	0.438044	0.397048	0.246587	0.322835	0.80658	0.160231	0.816633	0.168186	0.14577	0.919723	0.922814	0.483005	0.861162	0.831343	0.141013	0.4403	0.467748	0.628493	0.609812	0.449831	0.836172	0.290515	0.891353	0.903166	0.850384	0.383397	0.540929	0.913305	
0.417611	0.729315	0.55116	0.713787	0.307159	0.365942	0.477958	0.521436	0.400533	0.264965	0.371557	0.289029	0.045627	0.402859	0.51469	0.423916	0.629396	0.55978	0.432585	0.394009	0.294725	0.860906	0.515238	0.0573304	0.745603	0.56675	0.298065	0.303037	0.227365	0.653799	0.403225	0.190792	0.419976	0.166126	0.768776	0.501728	0.638051	0.169411	0.691699	0.810441	
0.434016	0.987066	0.810263	0.909452	0.448987	0.625562	0.688972	0.66833	0.618316	0.16717	0.258838	0.540608	0.21453	0.296882	0.716963	0.659913	0.876046	0.710428	0.585479	0.588995	0.463449	1.11872	0.618068	0.230203	0.999342	0.790499	0.415689	0.562471	0.485614	0.91159	0.654908	0.449579	0.516509	0.389261	1.02109	0.61832	0.875706	0.1735	0.934665	1.06464	
0.685593	0.429237	0.253997	0.649812	0.490589	0.128392	0.441324	0.605652	0.167873	0.564018	0.718653	0.222207	0.412103	0.743754	0.487219	0.329665	0.264754	0.62606	0.340491	0.437173	0.446606	0.501948	0.472526	0.389956	0.379354	0.251596	0.516091	0.140098	0.145757	0.360426	0.0367083	0.181827	0.43463	0.337378	0.401782	0.441471	0.285855	0.526501	0.483173	0.444591	
0.780757	0.102345	0.153063	0.39081	0.579405	0.315729	0.338643	0.533388	0.558444	0.91495	0.912768	0.377094	0.706869	0.923101	0.3582	0.283818	0.407697	0.524918	0.739159	0.427353	0.535017	0.359927	0.870875	0.709988	0.365035	0.542623	0.62299	0.370742	0.465925	0.0749935	0.394957	0.493677	0.838784	0.535162	0.394043	0.838593	0.478648	0.771313	0.114107	0.39075	
