10	40
44.2179	83.6774
158.2	12.6404
39.3951	109.505
22.3026	82.3215
151.589	118.213
144.305	125.37
128.711	132.879
88.1523	158.614
75.7318	138.308
153.238	59.2764
3.88811
15.783
5.11834
9.17825
11.8818
9.31179
9.26541
15.0919
5.18617
0.751518
1.84021
4.7021
14.8875
7.99031
15.803
4.08607
4.39041
12.8772
10.5426
7.52948
7.59053
5.41817
9.45117
13.1171
1.06828
4.65538
11.2216
6.75706
7.39724
0.66411
15.4471
13.7769
11.0068
9.50178
10.4788
10.2931
10.7751
10.7913
3.29145
7.46012
0.580573	1.05048	0.248299	0.358811	0.718181	0.940012	0.902055	0.807533	0.776704	0.675646	0.757015	0.318625	0.377465	0.988465	0.87808	0.839001	0.857173	0.909224	0.909731	0.634087	0.991738	0.734476	0.971171	1.31736	0.490821	0.654842	0.805245	0.789053	1.00912	0.612174	1.18935	0.769474	0.758965	0.802754	1.13748	0.927984	0.794213	0.870309	0.854598	1.01993	
0.546513	0.51786	0.58684	0.841204	0.575429	0.560678	1.0604	0.362616	0.267182	0.735855	0.201915	0.873863	0.459944	1.17481	0.167218	1.11493	0.656206	0.680099	0.787729	0.193211	1.16676	0.821377	0.514824	0.883182	0.932149	0.416834	0.0753049	0.410678	0.559096	1.04456	0.792423	0.829578	0.219826	1.02025	0.944142	1.1638	1.09714	0.0994157	0.0932686	0.61142	
0.521117	1.01807	0.315716	0.198012	0.646845	0.885167	0.73745	0.791927	0.784712	0.559824	0.782428	0.142833	0.43374	0.814965	0.910498	0.660064	0.772895	0.823861	0.800097	0.71392	0.819692	0.601331	0.930072	1.24122	0.3119	0.629976	0.857271	0.761361	0.961867	0.424473	1.11319	0.637375	0.77969	0.635108	1.02182	0.750361	0.613843	0.918051	0.939229	0.961836	
0.416989	0.563583	0.766466	0.583515	0.322203	0.403344	0.224533	0.537282	0.624999	0.241608	0.688054	0.642998	0.731829	0.31945	0.767275	0.352392	0.245157	0.246329	0.121725	0.850617	0.306973	0.179366	0.481216	0.559178	0.510265	0.490867	0.815501	0.483943	0.470692	0.495589	0.452991	0.143461	0.670175	0.264808	0.254681	0.344648	0.371355	0.829627	0.981855	0.424558	
0.462248	0.482386	0.83263	0.687768	0.340411	0.33802	0.336839	0.509258	0.604376	0.324903	0.672364	0.748514	0.780492	0.41586	0.73303	0.472392	0.217672	0.192264	0.0979269	0.859572	0.40169	0.286153	0.411699	0.435233	0.626338	0.502029	0.796051	0.461016	0.390989	0.619306	0.333619	0.250924	0.653759	0.388557	0.139941	0.453895	0.49431	0.800247	0.964557	0.338148	
0.236895	0.50038	0.326716	0.51728	0.317023	0.436311	0.770178	0.251818	0.203144	0.438083	0.188327	0.554776	0.204028	0.884749	0.316189	0.80529	0.443602	0.485739	0.559184	0.219137	0.878786	0.527814	0.438553	0.823244	0.603931	0.154347	0.275079	0.254912	0.483525	0.717348	0.704134	0.543886	0.187095	0.715573	0.762385	0.863228	0.782808	0.329532	0.40211	0.513302	
0.526212	0.609251	0.487178	0.773155	0.585648	0.62219	1.05721	0.413671	0.316291	0.72584	0.245848	0.798713	0.367739	1.17203	0.272185	1.09552	0.688984	0.720815	0.816394	0.0871327	1.16547	0.814866	0.589333	0.972206	0.877368	0.417556	0.162668	0.451668	0.635813	0.997763	0.871874	0.828467	0.264077	1.00548	0.994496	1.15275	1.0727	0.217702	0.139952	0.683265	
0.494813	0.758262	0.776203	0.512248	0.450668	0.592914	0.0394435	0.692913	0.769215	0.293244	0.824342	0.563406	0.775924	0.153429	0.920712	0.148751	0.424176	0.438853	0.320293	0.950355	0.147963	0.203853	0.670833	0.757863	0.400879	0.607377	0.951763	0.637726	0.666088	0.340235	0.656476	0.193999	0.807981	0.0808871	0.4322	0.148015	0.174903	0.976439	1.11152	0.623754	
0.438325	0.58049	0.40753	0.682306	0.507043	0.570062	0.971226	0.361379	0.269382	0.639239	0.204345	0.709332	0.283143	1.08589	0.274066	1.0058	0.619106	0.654627	0.743229	0.026844	1.07975	0.728786	0.547147	0.936265	0.785235	0.338395	0.174492	0.391518	0.594261	0.905491	0.828955	0.743878	0.219947	0.916828	0.931088	1.06462	0.982194	0.240267	0.223899	0.637166	
0.436448	0.606981	0.774582	0.572923	0.351749	0.445998	0.181003	0.574343	0.660173	0.249739	0.721903	0.631192	0.746997	0.276349	0.804545	0.31119	0.285308	0.289084	0.165001	0.877779	0.264125	0.175313	0.523977	0.597192	0.490835	0.519662	0.849695	0.520418	0.514115	0.466431	0.493677	0.141694	0.70426	0.226904	0.282545	0.301012	0.332339	0.865813	1.01515	0.468242	
