10	30
154.435	28.8157
99.5933	88.5038
72.935	34.4696
125.664	28.7624
127.623	28.4686
102.968	125.389
57.7016	28.6048
122.354	42.044
78.7005	115.728
128.974	125.131
9.84944
10.5687
2.78088
8.98944
0.575076
11.5146
10.0521
5.55767
2.90952
3.85762
0.538024
8.35878
11.2616
4.70579
12.5678
11.8507
11.5691
7.82745
6.87443
8.01047
2.11942
7.30777
10.865
6.23253
11.6942
2.19989
7.93746
4.7045
3.63723
8.38872
0.102624	0.775921	0.946182	0.606	0.381155	0.859182	0.648458	0.950449	0.420268	0.0896954	0.113933	0.646836	0.30568	1.11054	0.718369	0.0244752	0.488087	0.868057	0.517074	0.542035	0.694215	0.0914324	0.31775	1.12401	0.458113	0.622812	0.116779	0.805978	0.794592	0.849993	
0.824574	0.872542	0.580675	0.775183	0.899483	0.330454	0.2903	0.360907	0.538276	0.850582	0.883012	0.285391	0.635868	0.379247	0.235871	0.93217	0.567745	0.379885	0.567341	0.593018	0.233348	0.848572	0.878722	0.489884	0.495453	0.30474	0.887264	0.803114	0.917329	0.400323	
0.521252	0.202972	0.453477	0.0280156	0.242316	0.517308	0.643079	0.577485	0.37264	0.581256	0.465935	0.547032	0.407009	0.744925	0.70269	0.601601	0.253189	0.964517	0.234323	0.194713	0.60032	0.580422	0.282882	0.698569	0.609818	0.588121	0.65064	0.228648	0.231542	0.464773	
0.45547	0.288462	0.445777	0.11362	0.247068	0.459445	0.545543	0.530392	0.274058	0.514869	0.416987	0.452665	0.317824	0.70082	0.60665	0.546627	0.15395	0.866485	0.137336	0.102954	0.507142	0.513795	0.2654	0.670645	0.51144	0.490879	0.584056	0.290644	0.322677	0.416286	
0.650942	0.660141	0.430345	0.552398	0.680242	0.188494	0.219667	0.26847	0.339988	0.687082	0.693034	0.126601	0.449427	0.38541	0.226933	0.762637	0.347266	0.485541	0.344357	0.368705	0.120789	0.685134	0.66407	0.447199	0.38271	0.18888	0.734905	0.597695	0.704825	0.240422	
0.317419	0.422264	0.659253	0.261158	0.0608505	0.654713	0.632847	0.733061	0.324507	0.375432	0.241759	0.568792	0.286398	0.903607	0.703072	0.379583	0.279009	0.935342	0.288811	0.283936	0.625823	0.37505	0.0519319	0.881653	0.526535	0.58452	0.442606	0.461214	0.43916	0.62001	
0.837893	0.205417	0.229089	0.311482	0.579745	0.447948	0.767761	0.451038	0.602109	0.896963	0.79734	0.652639	0.681493	0.578128	0.803764	0.92911	0.473431	1.0721	0.440596	0.398219	0.688247	0.895826	0.622206	0.483586	0.820019	0.715585	0.965874	0.122374	0.232679	0.377432	
0.551539	0.849254	0.700624	0.7012	0.727156	0.468275	0.0627285	0.546943	0.34381	0.564774	0.630771	0.177926	0.398992	0.642024	0.0834371	0.649628	0.440629	0.273302	0.458949	0.501444	0.159268	0.562787	0.687336	0.721106	0.192367	0.113562	0.590086	0.806893	0.891466	0.515044	
0.238696	0.902699	1.08815	0.737784	0.495615	0.999437	0.766126	1.09114	0.55912	0.200814	0.246116	0.77599	0.443876	1.2498	0.833423	0.126715	0.630445	0.955567	0.659402	0.683858	0.820463	0.202806	0.436635	1.26564	0.566753	0.745996	0.170525	0.93854	0.918045	0.991695	
0.132664	0.813439	0.894964	0.634564	0.477548	0.759783	0.480848	0.853107	0.329374	0.107722	0.239723	0.503803	0.226318	1.00066	0.546423	0.189906	0.439268	0.673828	0.4723	0.509893	0.543006	0.106087	0.413601	1.03428	0.278746	0.465691	0.119466	0.821966	0.841244	0.765839	
