10	40
150.723	19.2833
131.463	130.452
68.8963	12.9656
42.6744	85.4618
169.72	96.6874
63.2448	154.614
104.412	12.9383
141.499	157.261
23.5764	75.9079
98.146	51.6469
2.38996
3.20196
2.4901
1.98273
1.33117
2.50111
8.16726
5.98272
5.5302
7.00976
11.0629
8.81596
5.61506
2.91003
10.4899
6.27637
11.0368
9.55481
11.4799
10.8931
10.2806
4.99345
8.06134
11.7511
11.2351
6.83589
5.0642
10.1999
11.8308
9.81235
3.37254
6.3421
1.6432
3.08233
3.92139
4.06326
8.57305
8.78057
5.154
2.02042
0.453496	0.342901	0.152946	0.399468	0.580454	0.294683	0.277367	0.246332	0.532039	0.297751	0.512667	0.539329	0.155533	0.495495	0.253625	0.360021	0.600415	0.27794	0.44194	0.405139	0.153339	0.286632	0.481792	0.524688	0.343248	0.2447	0.368693	0.41768	0.245484	0.472182	0.382074	0.477512	0.368251	0.300009	0.0935499	0.111389	0.388159	0.0397482	0.662108	0.505842	
0.689952	0.57718	0.409718	0.233455	0.693819	0.468514	0.519329	0.201678	0.467876	0.525201	0.346174	0.376034	0.394663	0.263021	0.484288	0.476822	0.373728	0.336391	0.677958	0.228421	0.160884	0.156421	0.682657	0.321262	0.0967549	0.500773	0.496065	0.606153	0.146334	0.274839	0.229769	0.316297	0.147007	0.523111	0.34379	0.2237	0.616429	0.288287	0.464277	0.246227	
0.516747	0.409242	0.356061	0.208614	0.466453	0.264083	0.367871	0.365277	0.663498	0.354839	0.307182	0.330594	0.262818	0.485781	0.472214	0.569405	0.42945	0.459118	0.504884	0.452072	0.0961186	0.117667	0.703859	0.548544	0.245667	0.440733	0.272086	0.398904	0.328068	0.289649	0.447021	0.539164	0.374374	0.519867	0.245344	0.111977	0.438529	0.216023	0.464301	0.404903	
0.652988	0.544063	0.307523	0.407789	0.760769	0.48922	0.477078	0.0448841	0.34432	0.500317	0.523797	0.553551	0.358006	0.322766	0.34225	0.295518	0.552546	0.155312	0.641681	0.21136	0.228889	0.310578	0.513925	0.333159	0.276561	0.388054	0.549339	0.617906	0.0590118	0.455882	0.183256	0.27645	0.203937	0.372539	0.295087	0.251231	0.590125	0.242399	0.645865	0.400062	
0.713507	0.601469	0.456691	0.177374	0.681208	0.478015	0.547674	0.262804	0.517818	0.548109	0.286606	0.316417	0.425292	0.268374	0.538805	0.539072	0.312974	0.398573	0.701473	0.263968	0.179411	0.122935	0.742115	0.339589	0.0387187	0.54842	0.492754	0.61519	0.206632	0.213048	0.27265	0.350678	0.172517	0.579139	0.380044	0.247036	0.637827	0.32705	0.401997	0.203727	
0.176072	0.183722	0.283103	0.757632	0.565147	0.351824	0.187842	0.625478	0.847358	0.222727	0.851613	0.871843	0.289331	0.904732	0.30837	0.545437	0.977126	0.575789	0.174711	0.801631	0.535147	0.656281	0.433398	0.923424	0.746756	0.216374	0.443637	0.328437	0.644107	0.83835	0.772386	0.861181	0.778263	0.323706	0.329653	0.468181	0.200802	0.384152	1.01022	0.913272	
0.586932	0.491295	0.494135	0.164105	0.422093	0.321369	0.465915	0.492711	0.782704	0.439584	0.209735	0.224099	0.38254	0.547945	0.614145	0.713913	0.367559	0.598606	0.575865	0.546234	0.235528	0.164234	0.847369	0.624137	0.292041	0.574136	0.279063	0.434685	0.447935	0.233649	0.54943	0.633894	0.457389	0.66223	0.379333	0.256938	0.509171	0.35803	0.365385	0.41443	
0.54122	0.468141	0.216123	0.696334	0.822004	0.529504	0.407022	0.348703	0.472092	0.455122	0.813036	0.841084	0.360428	0.646103	0.101335	0.14865	0.875628	0.232465	0.53373	0.517555	0.456574	0.584397	0.179233	0.630572	0.600026	0.202371	0.626206	0.606313	0.395549	0.761151	0.480712	0.547162	0.538331	0.0763993	0.323111	0.422131	0.514219	0.324418	0.954326	0.737455	
0.328619	0.219205	0.108131	0.47302	0.505656	0.210592	0.152446	0.366858	0.639436	0.177755	0.576694	0.600233	0.041127	0.619826	0.234511	0.41646	0.687683	0.371195	0.317167	0.530186	0.239371	0.365818	0.467562	0.649985	0.449717	0.176047	0.304116	0.312457	0.370331	0.551768	0.506289	0.601043	0.492549	0.282218	0.0332296	0.17403	0.265698	0.089988	0.733052	0.616247	
0.281793	0.172565	0.234017	0.443175	0.377434	0.0826028	0.136248	0.459614	0.748042	0.118136	0.530237	0.549383	0.08961	0.67488	0.358103	0.544222	0.664994	0.488241	0.26981	0.604762	0.255724	0.352297	0.586476	0.719022	0.465994	0.283299	0.17624	0.202848	0.449783	0.524542	0.586716	0.683381	0.550349	0.404408	0.139489	0.191524	0.204741	0.177028	0.688872	0.6321	
