15	30
91.9759	158.269
43.9415	75.0786
4.16402	104.574
83.9043	117.765
140.699	140.237
127.27	15.3353
143.44	145.58
72.7077	18.959
114.101	116.151
56.733	65.2409
140.011	88.4002
48.9625	119.582
136.727	46.0221
100.859	48.1426
44.6523	111.531
18.5687
23.7758
5.60426
9.4133
15.6588
18.1489
18.7619
25.6432
13.749
21.7158
10.882
29.1578
23.3599
14.4077
19.1368
1.85402
2.33766
18.7696
3.21672
4.85631
21.6284
29.9648
18.3679
7.47916
15.8868
5.66028
3.97997
15.175
23.5785
16.217
0.0349247	0.0660289	0.181817	0.340775	0.40807	0.505391	0.650698	0.251949	0.361531	0.17751	0.382995	0.469327	0.504968	0.462348	0.734151	0.464788	0.12322	0.223427	0.722896	0.669435	0.417508	0.224316	0.0318409	0.402042	0.468315	0.546644	0.293056	0.344121	0.506931	0.553423	
0.308065	0.290639	0.256349	0.651758	0.193536	0.812917	0.849166	0.353352	0.0885084	0.161192	0.713742	0.701178	0.835761	0.583143	1.07147	0.779352	0.30421	0.353631	0.879802	0.957744	0.379073	0.47771	0.348981	0.483131	0.187941	0.883929	0.596361	0.204801	0.764212	0.880074	
0.406027	0.430962	0.263125	0.658981	0.372096	0.805603	0.375379	0.62845	0.42974	0.396889	0.500374	0.277391	0.741449	0.85211	0.882368	0.756609	0.27741	0.172539	0.393153	0.570248	0.173189	0.230582	0.421484	0.0211279	0.460186	0.720243	0.343882	0.305469	0.359271	0.800168	
0.269488	0.253139	0.445614	0.253912	0.622753	0.379723	0.893074	0.134719	0.541797	0.368611	0.493316	0.705413	0.459653	0.190489	0.723703	0.3633	0.399661	0.502587	0.979909	0.835737	0.686745	0.479747	0.247973	0.681437	0.65544	0.552793	0.488842	0.578163	0.721009	0.482921	
0.473983	0.489096	0.60961	0.157229	0.852017	0.143141	0.728446	0.52478	0.810649	0.624405	0.232556	0.563312	0.0560393	0.537851	0.313466	0.100033	0.538785	0.594157	0.844735	0.541361	0.804445	0.467534	0.432172	0.715788	0.916901	0.146683	0.361714	0.78201	0.52923	0.10757	
0.317666	0.3314	0.13913	0.645883	0.190563	0.80688	0.561666	0.511291	0.241838	0.246837	0.572708	0.440483	0.775513	0.750181	0.960909	0.76178	0.197382	0.132604	0.579813	0.72472	0.102614	0.282882	0.348892	0.181417	0.279314	0.782686	0.420813	0.118473	0.516075	0.830852	
0.237619	0.224578	0.179047	0.590032	0.190559	0.75327	0.77679	0.325595	0.105904	0.0872757	0.636235	0.624585	0.767566	0.565159	0.998329	0.717292	0.224651	0.278477	0.81289	0.878495	0.333908	0.398436	0.279397	0.420065	0.219756	0.810925	0.516928	0.170079	0.686149	0.813847	
0.606358	0.621209	0.739737	0.275299	0.983188	0.172395	0.79518	0.646082	0.942984	0.756779	0.318813	0.646529	0.0765186	0.627022	0.208928	0.165354	0.668777	0.719145	0.916006	0.564454	0.92749	0.585428	0.564533	0.829863	1.04894	0.12456	0.46745	0.9124	0.599052	0.0451613	
0.247828	0.261932	0.396836	0.124521	0.632756	0.284787	0.680182	0.324674	0.585406	0.398057	0.248723	0.494034	0.283212	0.421111	0.52821	0.24131	0.328043	0.40231	0.779742	0.592495	0.613235	0.310924	0.205875	0.553961	0.693505	0.343074	0.267609	0.566282	0.494572	0.328959	
0.312323	0.294183	0.486694	0.277487	0.655221	0.387868	0.938422	0.149687	0.570554	0.40317	0.531639	0.750692	0.47981	0.144828	0.744091	0.377145	0.442968	0.546521	1.02572	0.875981	0.727659	0.525661	0.292599	0.72594	0.683512	0.57827	0.533044	0.613875	0.765163	0.498189	
0.213197	0.181175	0.332743	0.436932	0.441619	0.583928	0.891686	0.0831728	0.347883	0.211401	0.597248	0.713182	0.639925	0.314401	0.897056	0.559645	0.320132	0.421132	0.956058	0.908796	0.557651	0.466855	0.228812	0.598666	0.45805	0.71461	0.533812	0.414657	0.752081	0.673426	
0.680788	0.711596	0.587821	0.799359	0.718216	0.90273	0.0569522	0.905304	0.777686	0.720547	0.532075	0.20821	0.790644	1.09589	0.824393	0.853626	0.574374	0.48646	0.0802846	0.365931	0.504818	0.430559	0.678705	0.357193	0.80516	0.718916	0.434694	0.653695	0.238276	0.846993	
0.684045	0.715975	0.664484	0.662956	0.862729	0.722012	0.230082	0.881881	0.892266	0.777288	0.366561	0.233061	0.588385	1.02151	0.560172	0.677702	0.621401	0.572136	0.347895	0.07962	0.682091	0.446196	0.664829	0.526597	0.951153	0.492288	0.360867	0.787359	0.157633	0.637464	
0.43414	0.45882	0.288444	0.686071	0.382777	0.831642	0.36612	0.65604	0.445748	0.421482	0.521354	0.282641	0.765225	0.880373	0.900965	0.782499	0.305151	0.200047	0.375747	0.575459	0.174563	0.256681	0.449909	0.0228179	0.469973	0.741282	0.365819	0.319379	0.365467	0.824082	
0.541479	0.569313	0.598957	0.399669	0.837815	0.435716	0.467799	0.690554	0.832532	0.673002	0.127776	0.340063	0.299787	0.781809	0.325448	0.393429	0.535119	0.536944	0.590223	0.247923	0.716715	0.384205	0.508771	0.585571	0.919022	0.208244	0.24691	0.760094	0.277906	0.349293	
