15	30
67.8904	51.5064
124.12	55.0625
160.982	117.2
76.7091	10.5507
17.4709	70.2795
13.0833	18.4503
174.622	143.175
136.538	64.5417
114.388	50.9944
2.91619	112.398
93.9615	26.1102
95.7243	110.668
3.01362	136.26
90.0642	88.3788
9.1704	59.4284
8.60967
31.9909
16.892
1.2621
13.6314
16.4773
4.95859
6.16572
32.1841
23.0153
22.5927
20.9034
6.05227
30.6477
12.658
36.5612
16.5306
34.47
15.8984
18.2237
35.8495
28.4297
25.6365
0.686065
22.3397
2.55591
16.2013
16.2979
21.2946
18.4854
0.46482	0.729644	0.564966	0.66077	0.133353	0.317281	0.684038	0.309819	0.242653	0.329691	0.60151	0.6011	0.458117	0.964451	0.0768757	0.455687	0.294453	0.359296	0.753423	0.676076	0.389386	0.17042	0.818738	0.546208	0.214509	0.335973	0.650632	0.793383	0.792589	0.554835	
0.418332	0.132728	0.525681	0.147921	0.676874	0.384999	0.194827	0.737524	0.866704	0.936882	0.164614	0.455667	0.534063	0.347681	0.69632	0.321612	0.425676	0.926945	0.392655	0.0460069	0.948402	0.762367	0.187357	0.303061	0.62379	0.677416	0.168573	0.376195	0.616743	0.567243	
0.288452	0.286723	0.414272	0.258631	0.539203	0.223284	0.302036	0.626234	0.718267	0.794681	0.150032	0.36512	0.482035	0.510662	0.539396	0.281467	0.263895	0.794906	0.4722	0.209153	0.818892	0.620732	0.344809	0.311168	0.503574	0.578606	0.193592	0.47582	0.655179	0.540622	
0.420486	0.681036	0.526182	0.61415	0.163022	0.268085	0.638935	0.33049	0.294314	0.379916	0.549778	0.557481	0.441323	0.915731	0.118651	0.418001	0.247619	0.40453	0.71665	0.625703	0.433836	0.215872	0.767984	0.508019	0.220765	0.344227	0.598895	0.754273	0.769419	0.538156	
0.952755	0.834542	1.08337	0.740397	0.479017	0.783828	0.723229	0.307809	0.603558	0.569396	0.919365	1.08071	0.296019	1.01672	0.654494	0.508884	0.7903	0.477195	0.620813	0.852676	0.466188	0.51226	0.975278	0.539967	0.389944	0.266739	0.956861	0.684043	0.454148	0.28188	
0.35451	0.479155	0.486717	0.412113	0.297432	0.187348	0.43838	0.397655	0.482126	0.554274	0.382315	0.483117	0.347556	0.713961	0.320845	0.241255	0.201657	0.553353	0.534333	0.428044	0.57778	0.379875	0.57189	0.325645	0.270601	0.365035	0.429856	0.565262	0.630442	0.434955	
0.775761	0.794052	0.898272	0.702143	0.245948	0.60601	0.700272	0.0700286	0.371103	0.352833	0.802213	0.910477	0.276349	1.00833	0.42066	0.445725	0.603487	0.274366	0.663501	0.784915	0.275042	0.274486	0.923152	0.512022	0.177076	0.0746557	0.846138	0.722235	0.579779	0.336835	
0.502403	0.78024	0.595819	0.710802	0.132967	0.361501	0.733472	0.31011	0.195608	0.286919	0.649995	0.637331	0.490225	1.01506	0.0429611	0.501717	0.335958	0.326061	0.798369	0.72681	0.357164	0.141138	0.869403	0.592305	0.232643	0.348383	0.699122	0.839682	0.828078	0.58621	
0.254586	0.328543	0.335013	0.35248	0.693764	0.303821	0.399817	0.798321	0.854213	0.939117	0.0424102	0.255692	0.662408	0.497122	0.660312	0.457252	0.338742	0.950943	0.594927	0.232577	0.976984	0.768858	0.305245	0.47145	0.672711	0.755766	0.058492	0.581742	0.806685	0.716828	
0.971149	0.650984	1.10682	0.5688	0.687307	0.823814	0.533304	0.565347	0.866972	0.862132	0.837844	1.07473	0.317359	0.77284	0.844875	0.440536	0.846441	0.783471	0.361826	0.70523	0.780701	0.753235	0.791332	0.407376	0.576203	0.487148	0.860856	0.419237	0.12419	0.220631	
0.588997	0.0708082	0.685116	0.162897	0.826461	0.563935	0.177368	0.861662	1.02442	1.08751	0.316795	0.606222	0.614441	0.170234	0.864284	0.418649	0.604614	1.06736	0.346749	0.134205	1.08602	0.914336	0.0938257	0.362259	0.759251	0.792073	0.297121	0.303804	0.595633	0.620609	
0.25899	0.292053	0.369793	0.290918	0.609189	0.248436	0.337776	0.705341	0.779355	0.860183	0.0687545	0.307095	0.565014	0.495243	0.59211	0.36158	0.287773	0.866169	0.523804	0.199795	0.891206	0.687666	0.313392	0.382252	0.581029	0.66024	0.116072	0.518644	0.722754	0.621252	
0.395147	0.159672	0.496868	0.186434	0.69146	0.377264	0.232931	0.760162	0.876954	0.950092	0.13076	0.423698	0.566629	0.35779	0.701244	0.353774	0.41771	0.943996	0.431456	0.0637792	0.966326	0.775582	0.182991	0.34017	0.643729	0.702715	0.129949	0.413489	0.65616	0.602932	
0.537275	0.0763128	0.652638	0.0192649	0.689094	0.473544	0.0608259	0.71676	0.89068	0.949459	0.298716	0.586995	0.470413	0.300295	0.740836	0.272868	0.513262	0.925418	0.260371	0.121824	0.94324	0.777683	0.21641	0.219346	0.616963	0.646402	0.302277	0.241471	0.494119	0.482937	
0.632492	0.130438	0.749507	0.0896263	0.731451	0.5592	0.0468978	0.736331	0.937349	0.988235	0.395467	0.68434	0.463889	0.281708	0.801523	0.294342	0.597988	0.955106	0.176818	0.21118	0.970232	0.820439	0.265204	0.216951	0.648573	0.660086	0.396524	0.147095	0.422821	0.456573	
