15	30
149.488	150.343
64.6475	35.1381
145.566	89.6497
54.7118	118.399
54.263	66.0473
133.251	61.9579
108.177	25.3319
59.9321	110.206
20.2711	35.9303
20.8071	50.3268
175.319	138.905
88.4887	124.949
98.8083	118.43
25.552	23.1489
27.9323	109.468
13.2975
17.2747
21.5688
21.2998
13.9368
8.98959
13.1202
9.72381
18.5016
17.979
6.90414
9.67671
18.2182
23.7057
5.77612
8.04272
16.9961
5.40711
14.3959
17.8652
21.3648
8.08577
6.89136
22.8716
7.7721
21.0552
8.38083
3.6983
19.3427
17.2678
0.533456	0.369635	0.0806727	0.231285	0.683414	0.394475	0.261357	0.243589	0.105543	0.22221	0.675664	0.162409	0.360455	0.439705	0.278316	0.562451	0.238025	0.316776	0.274298	0.671349	0.416395	0.288535	0.314047	0.587844	0.588375	0.645596	0.420265	0.37497	0.496371	0.38123	
0.238142	0.354099	0.485466	0.178953	0.326051	0.175468	0.566396	0.653102	0.503824	0.589795	0.396731	0.479659	0.476484	0.372306	0.561454	0.345388	0.331187	0.72129	0.492758	0.261408	0.475134	0.280729	0.667632	0.780455	0.24986	0.260349	0.544333	0.3903	0.28022	0.0561139	
0.710346	0.524938	0.133976	0.428856	0.87808	0.586034	0.237773	0.0454021	0.111019	0.138658	0.85842	0.235824	0.433707	0.596076	0.267734	0.739408	0.399979	0.148523	0.320685	0.869217	0.501243	0.463108	0.204834	0.603758	0.770716	0.836074	0.47012	0.49098	0.678165	0.579807	
0.83056	0.24831	0.473602	0.522283	0.643014	0.43811	0.743828	0.588616	0.559686	0.676832	0.527506	0.344585	0.836645	0.256819	0.764521	0.41385	0.30563	0.546729	0.762586	0.777478	0.881998	0.327142	0.763338	0.195142	0.850775	0.848128	0.902313	0.82007	0.408618	0.544901	
0.547913	0.389266	0.735858	0.489646	0.0886352	0.286826	0.89687	0.911391	0.786247	0.895265	0.0681178	0.668353	0.838382	0.338392	0.898277	0.166721	0.481352	0.943029	0.840405	0.303542	0.840047	0.412221	0.982908	0.772754	0.51616	0.445657	0.907547	0.755244	0.199961	0.34709	
0.365216	0.266092	0.513546	0.24234	0.234913	0.0786284	0.650301	0.689011	0.552538	0.655124	0.268763	0.472512	0.59292	0.263122	0.650626	0.209815	0.294016	0.737792	0.591774	0.272738	0.599575	0.227102	0.740427	0.701553	0.362038	0.339409	0.663051	0.515469	0.147013	0.101415	
0.321479	0.336767	0.304611	0.0339493	0.498997	0.246479	0.382317	0.465149	0.313321	0.398408	0.53147	0.329523	0.339315	0.387651	0.381342	0.442769	0.245035	0.541815	0.323215	0.451842	0.362101	0.236464	0.47837	0.701952	0.369157	0.420494	0.410994	0.285783	0.3701	0.178012	
0.489231	0.491133	0.189103	0.267471	0.741867	0.471962	0.142793	0.27245	0.127681	0.160448	0.760892	0.302046	0.224598	0.558022	0.149851	0.658378	0.362366	0.378704	0.13204	0.687332	0.286163	0.399044	0.234604	0.727992	0.553749	0.629617	0.279929	0.261933	0.587824	0.42191	
0.634474	0.549199	0.162109	0.389025	0.858082	0.574053	0.13004	0.139046	0.0807497	0.0426244	0.858074	0.290003	0.326835	0.620054	0.159366	0.745819	0.418119	0.254995	0.212888	0.822898	0.395013	0.471709	0.133567	0.692918	0.698756	0.772816	0.360998	0.391573	0.679298	0.545111	
0.68611	0.135324	0.520689	0.432024	0.426936	0.272573	0.760605	0.67646	0.597097	0.719294	0.309101	0.409872	0.795047	0.078953	0.774035	0.195972	0.264423	0.670232	0.747718	0.579212	0.825812	0.23396	0.811268	0.412098	0.691837	0.670159	0.865837	0.751172	0.203045	0.394254	
0.71549	0.687601	0.297483	0.511077	0.984767	0.706056	0.131193	0.200558	0.219128	0.0985569	0.992356	0.422094	0.344334	0.758442	0.154186	0.882075	0.556486	0.308009	0.239352	0.932833	0.411006	0.609223	0.0152433	0.805431	0.783751	0.867114	0.351043	0.435445	0.814586	0.666833	
0.592878	0.742809	0.408874	0.491314	0.951408	0.705138	0.137677	0.388007	0.323775	0.232376	0.992186	0.53599	0.179283	0.808753	0.112484	0.898302	0.614648	0.504315	0.137674	0.8546	0.23216	0.648827	0.198157	0.953959	0.663991	0.759724	0.154567	0.286507	0.82626	0.632027	
0.625359	0.049955	0.439444	0.352206	0.429926	0.218258	0.675281	0.599832	0.513894	0.635832	0.338153	0.334352	0.711041	0.0397189	0.688462	0.21328	0.179124	0.601989	0.662143	0.553161	0.743425	0.150281	0.727928	0.417509	0.637892	0.627342	0.78158	0.670235	0.18949	0.333601	
0.623604	0.431122	0.795756	0.561578	0.14987	0.353652	0.967328	0.970183	0.850192	0.961756	0.0740904	0.720344	0.914456	0.372211	0.96976	0.200071	0.534933	0.995358	0.913856	0.367274	0.917074	0.467742	1.05047	0.785019	0.589503	0.514532	0.983911	0.832309	0.251953	0.422574	
0.716578	0.535113	0.143933	0.437361	0.887687	0.595776	0.235795	0.0378836	0.117515	0.135559	0.868471	0.245737	0.434725	0.606247	0.26598	0.749529	0.41014	0.146789	0.321256	0.877701	0.502524	0.4732	0.198212	0.610814	0.777344	0.843447	0.469738	0.493949	0.68821	0.588726	
