15	30
119.676	23.1617
142.727	123.8
35.3129	109.8
61.0066	127.515
25.8448	75.856
82.5006	135.586
140.14	51.7558
139.102	126.325
145.415	111.995
55.2734	52.7208
73.6714	136.691
85.0809	127.826
172.828	159.643
39.3585	102.199
65.9494	147.158
26.5513
3.24894
34.8017
34.9894
12.8837
10.7925
31.4429
46.7059
51.4749
4.36615
22.9716
51.6252
20.8705
4.27626
4.92658
20.7329
46.8702
39.1645
48.4992
43.5237
44.2316
48.9428
31.9807
15.6499
8.47613
22.9964
2.06103
12.0245
34.4311
24.5043
0.491858	0.526945	0.569559	0.291371	0.366353	0.164013	0.720362	0.671084	0.569322	0.374897	0.611223	0.744758	0.429858	0.480299	0.202436	0.778826	0.255938	0.892833	0.413833	0.673829	0.24965	0.600061	0.353755	0.718974	0.79386	0.365679	0.468395	0.407366	0.361962	0.353776	
0.642128	0.571658	0.857541	0.21018	0.448767	0.472441	0.959379	0.936933	0.805113	0.675261	0.48811	0.620772	0.737638	0.737909	0.442245	0.886413	0.145046	1.03375	0.672329	0.62182	0.3248	0.807587	0.656736	0.953346	0.871164	0.219811	0.606399	0.702337	0.670403	0.211444	
0.476996	0.351792	0.809461	0.447007	0.276788	0.527087	0.839502	0.849701	0.693015	0.668393	0.246273	0.382676	0.755959	0.656244	0.40034	0.675081	0.148228	0.834237	0.599412	0.372246	0.529378	0.668822	0.659048	0.829074	0.646654	0.468774	0.437872	0.680335	0.702316	0.459784	
0.529754	0.720855	0.0880018	0.858572	0.631375	0.431951	0.353011	0.226872	0.317739	0.208648	0.980706	1.07729	0.187417	0.252037	0.460608	0.726894	0.785148	0.724387	0.278737	0.933827	0.760605	0.409916	0.230651	0.368129	0.796448	0.936247	0.550975	0.181529	0.256289	0.925128	
0.376845	0.573917	0.242151	0.991	0.558713	0.598817	0.030484	0.0996915	0.140748	0.402791	0.872149	0.934583	0.458991	0.220831	0.509892	0.455094	0.814692	0.413285	0.286456	0.772757	0.931356	0.180021	0.430514	0.0462604	0.536227	1.06354	0.413501	0.35706	0.502552	1.05145	
0.402325	0.592686	0.0678124	0.791168	0.506671	0.371227	0.289431	0.188022	0.208413	0.151128	0.855236	0.949801	0.199862	0.125856	0.353887	0.613369	0.681794	0.629332	0.15192	0.805666	0.709404	0.298897	0.179339	0.299425	0.678786	0.867623	0.422889	0.106426	0.243884	0.855988	
0.368215	0.425632	0.47973	0.409101	0.266627	0.164651	0.602983	0.564528	0.449941	0.305585	0.562644	0.688812	0.384563	0.368101	0.0773164	0.657216	0.277789	0.767416	0.301306	0.595213	0.37548	0.475563	0.291602	0.600269	0.676902	0.479786	0.347042	0.327436	0.32843	0.467652	
0.608344	0.552336	0.807722	0.194152	0.420266	0.420226	0.915992	0.889989	0.761543	0.623856	0.497756	0.632939	0.685492	0.69137	0.394996	0.861387	0.123203	1.00462	0.625384	0.62021	0.29123	0.767688	0.605055	0.91056	0.85072	0.222263	0.573769	0.651521	0.618188	0.212023	
0.263042	0.464675	0.220179	0.86081	0.430066	0.482411	0.150735	0.160622	0.0107187	0.312602	0.755941	0.829215	0.391154	0.105161	0.376934	0.419063	0.679539	0.430199	0.162596	0.672217	0.807927	0.102104	0.337838	0.14797	0.489873	0.932283	0.295949	0.270149	0.418641	0.920155	
0.288164	0.196448	0.644859	0.531369	0.0879429	0.44608	0.652259	0.669727	0.508471	0.531469	0.28877	0.408778	0.629035	0.482123	0.272057	0.508181	0.2347	0.659158	0.43119	0.318166	0.569127	0.480148	0.52833	0.641278	0.494256	0.575871	0.249154	0.533951	0.587351	0.564829	
0.511789	0.321851	0.92417	0.666852	0.355763	0.71916	0.888435	0.929577	0.760724	0.820133	0.0333935	0.159651	0.91745	0.755068	0.55876	0.611415	0.372355	0.780484	0.71085	0.208251	0.753787	0.710636	0.816858	0.874067	0.557622	0.680438	0.475562	0.821716	0.873856	0.672589	
0.371561	0.378908	0.565705	0.378379	0.21956	0.255741	0.659405	0.636378	0.504946	0.401956	0.473486	0.603619	0.483788	0.437118	0.144262	0.648338	0.184104	0.77543	0.372101	0.524413	0.381128	0.514206	0.389535	0.654129	0.655417	0.440279	0.342089	0.420324	0.427936	0.428196	
0.40149	0.205302	0.850645	0.8211	0.335298	0.757477	0.753377	0.820527	0.650992	0.795664	0.191948	0.180761	0.899476	0.676517	0.568723	0.408882	0.510812	0.57688	0.649554	0.0173003	0.880397	0.58124	0.800211	0.736362	0.344092	0.850189	0.375653	0.784638	0.871846	0.840678	
0.367169	0.540636	0.386319	1.064	0.567439	0.700132	0.117554	0.246286	0.216758	0.526538	0.841411	0.883628	0.59444	0.323552	0.578169	0.345977	0.852142	0.272661	0.380129	0.718232	1.02067	0.183412	0.552939	0.100943	0.431164	1.13259	0.406404	0.48219	0.630764	1.12042	
0.357604	0.45507	0.584178	1.10744	0.544653	0.806391	0.337877	0.461997	0.367754	0.679726	0.733254	0.743439	0.765255	0.470981	0.643478	0.157878	0.848347	0.0552201	0.506906	0.58129	1.09287	0.284205	0.702328	0.318669	0.237783	1.16731	0.389523	0.640552	0.786218	1.15537	
