15	20
20.1588	54.4532
151.161	83.533
165.968	44.7399
136.399	63.3364
179.185	149.501
38.6176	58.3732
163.447	121.124
164.595	60.4205
120.108	58.6905
96.3464	47.652
73.2024	51.5157
131.84	33.1124
58.6925	33.7368
66.1293	113.769
0.999511	133.682
2.75293
18.1398
27.8248
27.0246
11.9879
50.2394
26.4852
3.36067
14.5072
45.1565
22.7146
16.4803
38.734
5.29376
51.2314
45.5692
46.9976
28.8109
40.2367
30.2724
0.142147	0.52703	0.507012	0.989976	0.372492	0.946626	0.463648	0.694029	0.869217	0.656829	0.420469	0.472909	0.349866	0.67947	0.75714	0.454327	0.606147	0.242695	0.81234	0.514165	
0.393042	0.258411	0.660675	0.784888	0.273674	0.643598	0.221203	0.394243	0.609373	0.351904	0.469291	0.269009	0.271126	0.377324	0.512372	0.563663	0.536727	0.357927	0.670616	0.644662	
0.544975	0.195636	0.876794	1.007	0.0623195	0.736287	0.126354	0.389778	0.794542	0.469423	0.712685	0.519711	0.528136	0.504024	0.719405	0.793402	0.79744	0.5715	0.921418	0.869562	
0.95965	0.421346	1.13944	0.682008	0.677072	0.165061	0.493462	0.228058	0.417956	0.247161	0.908362	0.554833	0.707769	0.242029	0.450572	1.02515	0.816556	0.880949	0.765926	1.10686	
0.592712	0.231134	0.932697	1.06632	0.0834191	0.773935	0.171904	0.417692	0.848581	0.517341	0.774162	0.583987	0.592247	0.552464	0.77741	0.852183	0.862291	0.628912	0.985284	0.927168	
0.585155	0.622556	0.568386	0.378976	0.731319	0.588479	0.630692	0.617506	0.351963	0.434214	0.34715	0.191212	0.267015	0.41958	0.238561	0.456118	0.174345	0.437525	0.212543	0.524669	
0.246188	0.493525	0.426127	0.731988	0.472177	0.765036	0.458853	0.600801	0.634837	0.496598	0.234191	0.233983	0.0890211	0.508536	0.517336	0.326004	0.357979	0.13798	0.552366	0.407552	
0.686916	0.0505577	0.962704	0.867108	0.297462	0.513971	0.121422	0.155407	0.625093	0.282674	0.759588	0.467627	0.548952	0.317628	0.576844	0.861659	0.773321	0.662122	0.83697	0.943965	
0.360706	0.845129	0.109357	0.790052	0.807055	1.02308	0.811664	0.934893	0.810942	0.797975	0.133583	0.486573	0.344889	0.799386	0.694961	0.032412	0.31452	0.256469	0.546139	0.0666601	
0.722883	0.481512	0.806246	0.384418	0.671797	0.325055	0.518986	0.404871	0.172304	0.212366	0.573745	0.244544	0.409497	0.184615	0.0937292	0.690562	0.440429	0.602084	0.391071	0.767124	
0.570757	0.645517	0.536755	0.394995	0.743601	0.624438	0.650308	0.647811	0.385206	0.466613	0.319221	0.208037	0.260029	0.453038	0.273358	0.425607	0.138375	0.420608	0.206645	0.492362	
0.60955	0.285417	0.958459	1.12118	0.106506	0.827245	0.227742	0.468589	0.904427	0.572996	0.809401	0.634338	0.634198	0.608157	0.832661	0.8825	0.907433	0.657865	1.03639	0.955466	
0.44975	0.372019	0.811167	1.10852	0.120311	0.900828	0.298696	0.567208	0.922094	0.620273	0.689327	0.589581	0.544272	0.65285	0.832296	0.74693	0.824176	0.523047	0.986281	0.813962	
0.562902	0.311337	0.72793	0.573332	0.469971	0.436868	0.331773	0.314841	0.37716	0.167009	0.499808	0.154992	0.294195	0.176474	0.287883	0.614972	0.456381	0.469152	0.509811	0.697646	
0.57924	0.526611	0.624036	0.408379	0.653796	0.508555	0.539849	0.515597	0.308707	0.333234	0.392785	0.119794	0.253743	0.320184	0.188628	0.508654	0.265642	0.443322	0.296063	0.584061	
