15	40
72.844	43.6307
54.1728	114.887
41.0785	56.9317
26.7889	131.506
81.1899	37.0886
34.2377	49.888
88.4493	139.946
11.192	86.1425
72.8359	145.848
8.0301	27.2505
81.8965	38.1585
83.8803	157.699
47.1998	78.1749
64.9506	100.294
15.1945	34.0514
20.2887
10.0982
14.9483
20.6897
17.8261
20.6931
2.41504
8.18342
24.7994
2.43009
8.81304
4.53095
1.08179
13.0604
8.35679
6.82986
5.90122
3.13199
12.7356
1.92006
13.9317
3.09081
14.7338
2.30867
2.34045
21.9375
15.967
11.2347
12.9775
1.27578
11.1455
16.2536
11.219
5.54282
2.97764
10.6596
23.1734
2.78916
19.3813
2.15843
0.37469	0.570716	0.591402	0.308885	0.651196	0.0355313	0.369149	0.414872	0.299235	0.381404	0.189479	0.784643	0.0532325	0.727666	0.435719	0.254266	0.166346	0.408899	0.449004	0.288959	0.444752	0.19929	0.473688	0.643134	0.473501	0.245903	0.555366	0.479381	0.210699	0.509519	0.345412	0.276898	0.117668	0.350716	0.703852	0.58135	0.368134	0.185264	0.593276	0.256063	
0.371661	0.689608	0.886405	0.112742	0.903839	0.297578	0.0590742	0.203576	0.623569	0.67533	0.519818	0.967446	0.327753	0.830221	0.152178	0.501495	0.487704	0.737325	0.65515	0.169245	0.329343	0.464949	0.740204	0.972457	0.47701	0.573587	0.373595	0.628605	0.355673	0.632821	0.635499	0.350085	0.325115	0.372574	0.793028	0.558929	0.210596	0.454544	0.754701	0.151445	
0.530708	0.243697	0.312289	0.903203	0.14955	0.676811	0.853012	0.764881	0.49029	0.344079	0.59991	0.143549	0.607561	0.273204	0.850385	0.821442	0.529865	0.645863	0.205388	0.909412	0.653362	0.450976	0.229111	0.727353	0.48255	0.627813	0.75566	0.242743	0.504705	0.265723	0.796745	0.925113	0.566391	1.00007	0.29767	0.509685	0.991226	0.762417	0.141215	0.706004	
0.576913	0.808862	0.786457	0.262337	0.872589	0.221678	0.413917	0.528155	0.470214	0.588945	0.331231	1.02223	0.289919	0.965617	0.504776	0.178059	0.367043	0.494058	0.687171	0.205606	0.609245	0.435097	0.694187	0.717992	0.684994	0.351981	0.695185	0.718898	0.439254	0.747378	0.325833	0.0446885	0.348532	0.119924	0.940137	0.789664	0.243541	0.172262	0.833239	0.384301	
0.222425	0.498072	0.884441	0.472613	0.829557	0.513158	0.310332	0.15803	0.730068	0.705822	0.687797	0.795261	0.488848	0.593387	0.233216	0.772288	0.615227	0.898569	0.571557	0.524061	0.0941542	0.525255	0.713974	1.11487	0.24636	0.750751	0.0311388	0.488491	0.379784	0.462887	0.873786	0.682995	0.436804	0.721794	0.549385	0.264301	0.572117	0.708058	0.593495	0.291715	
0.475542	0.666849	0.630194	0.318052	0.712409	0.105716	0.419854	0.492197	0.317409	0.429531	0.181894	0.865959	0.155271	0.823677	0.498021	0.155477	0.20703	0.377807	0.532369	0.28024	0.538071	0.280027	0.533996	0.612084	0.575648	0.218435	0.643129	0.573273	0.312867	0.606197	0.267324	0.203075	0.219977	0.27931	0.801533	0.683398	0.348669	0.0906082	0.682534	0.333165	
0.608421	0.64437	0.384481	0.621739	0.520781	0.358968	0.694908	0.723117	0.111149	0.251124	0.136709	0.737187	0.340635	0.784571	0.756972	0.292585	0.193621	0.0897985	0.45634	0.587805	0.716263	0.294925	0.365985	0.317819	0.673034	0.0900652	0.838652	0.547887	0.431221	0.596255	0.210366	0.484765	0.376944	0.555386	0.778776	0.774074	0.656369	0.268905	0.612288	0.571067	
0.51957	0.694844	0.620797	0.360198	0.714614	0.154175	0.46898	0.542689	0.303739	0.427772	0.164551	0.880458	0.19563	0.851068	0.548114	0.109395	0.211082	0.340612	0.55028	0.318076	0.586424	0.30065	0.537297	0.572654	0.61715	0.187983	0.6928	0.599426	0.351759	0.635029	0.217285	0.211608	0.260225	0.286018	0.830923	0.725162	0.381129	0.0409213	0.704007	0.383564	
0.628369	0.43596	0.0703862	0.894692	0.108377	0.63193	0.890457	0.840981	0.346436	0.218516	0.482065	0.358991	0.571722	0.509481	0.912904	0.699764	0.441523	0.453116	0.279931	0.884789	0.760136	0.415531	0.139567	0.492388	0.620704	0.487148	0.878474	0.382686	0.529905	0.427534	0.637251	0.85029	0.554735	0.926361	0.527121	0.68027	0.965485	0.654237	0.346983	0.739479	
0.46823	0.551263	0.424882	0.497027	0.518754	0.225156	0.553985	0.576252	0.112884	0.230769	0.0454251	0.698504	0.196072	0.701712	0.612307	0.266023	0.050139	0.236162	0.381115	0.471114	0.57137	0.164977	0.343063	0.463019	0.541318	0.097091	0.692872	0.452865	0.288553	0.496583	0.264093	0.406043	0.229916	0.481707	0.688842	0.645825	0.546208	0.211152	0.539938	0.425435	
0.395871	0.70429	0.86801	0.0639608	0.896223	0.261153	0.114988	0.252303	0.593478	0.655919	0.482552	0.974321	0.300778	0.849427	0.207859	0.449554	0.458228	0.697091	0.654157	0.115414	0.369404	0.448148	0.728124	0.932486	0.504646	0.533632	0.423704	0.637126	0.353348	0.645739	0.586191	0.294036	0.308747	0.317937	0.813905	0.592464	0.167732	0.405458	0.763235	0.16672	
0.32616	0.533224	0.968943	0.604425	0.892529	0.649121	0.437494	0.290769	0.845985	0.805752	0.815094	0.819541	0.621003	0.594972	0.351739	0.909175	0.738548	1.02079	0.645497	0.65785	0.218915	0.640904	0.797864	1.23044	0.304725	0.878049	0.119197	0.548363	0.499874	0.512438	1.00722	0.820512	0.565809	0.85754	0.550195	0.269151	0.701163	0.844191	0.634753	0.429991	
0.617049	0.726807	0.538248	0.516368	0.663083	0.288362	0.620068	0.679832	0.233327	0.379148	0.131181	0.862803	0.302076	0.877076	0.694989	0.13708	0.219565	0.194751	0.554516	0.473101	0.703912	0.335739	0.496454	0.42001	0.701431	0.0916592	0.818488	0.628415	0.4375	0.671807	0.0903437	0.342094	0.358251	0.408136	0.864404	0.80823	0.532328	0.130893	0.713622	0.52057	
0.363042	0.690346	0.951073	0.225627	0.947833	0.40066	0.0649089	0.138769	0.711315	0.744371	0.619733	0.980946	0.417555	0.818046	0.0490862	0.619862	0.576624	0.839785	0.689921	0.284972	0.280263	0.534083	0.794902	1.0735	0.453667	0.676771	0.286173	0.644323	0.40442	0.638856	0.750719	0.469775	0.399459	0.487649	0.777546	0.517108	0.309806	0.570115	0.767655	0.197687	
0.820735	0.815435	0.429356	0.816189	0.60084	0.566445	0.904433	0.939192	0.303041	0.399701	0.348226	0.845335	0.555221	0.940761	0.970299	0.426735	0.409942	0.127913	0.620649	0.775396	0.931728	0.505255	0.491843	0.117408	0.878252	0.289879	1.05466	0.724399	0.6459	0.775092	0.286759	0.641286	0.593506	0.702017	0.942585	0.975372	0.835754	0.434311	0.764231	0.785782	
