15	20
1.20715	54.2435
49.8729	100.055
43.9876	23.0336
71.278	93.5313
111.394	86.4039
44.5873	98.1298
144.238	138.514
10.9764	81.2992
74.5991	56.422
171.795	125.553
50.1274	94.9191
172.724	58.0074
137.124	34.0745
78.1643	45.9996
98.9483	66.9696
23.8869
22.1395
21.3396
52.3256
55.3435
23.0925
19.3816
8.5728
9.89899
51.5556
38.4442
52.0231
18.3576
7.78641
32.8681
22.6251
47.5688
39.5319
12.8777
18.958
0.56061	0.747518	0.789386	0.5496	1.04407	0.581833	0.81156	0.376382	0.616083	0.659354	0.729727	0.373	0.165623	0.327293	0.21442	0.982561	0.204512	0.279957	0.651263	0.573738	
0.623855	0.443263	0.330349	0.272241	0.265344	0.746509	0.0702367	0.432035	0.320086	0.265015	0.440675	0.429086	0.766547	0.658155	0.992558	0.213478	0.995223	0.928444	0.765014	0.855608	
0.359485	0.883406	0.151094	0.418875	0.480352	0.450026	0.550002	0.628372	0.28171	0.282641	0.123526	0.60359	0.912658	0.55566	0.969605	0.437513	0.989495	0.826689	0.425156	0.568654	
0.16548	0.852377	0.233868	0.350519	0.608624	0.267913	0.584385	0.516577	0.218848	0.260319	0.100802	0.488191	0.757902	0.36723	0.779973	0.554404	0.801601	0.63232	0.260549	0.388311	
0.605031	0.547475	0.729579	0.450026	0.921319	0.663442	0.660093	0.233504	0.554926	0.583064	0.704208	0.244974	0.104201	0.399541	0.415209	0.862585	0.400108	0.467503	0.728656	0.689416	
0.702931	0.890697	0.963375	0.729191	1.22364	0.700423	0.987411	0.550752	0.791884	0.836941	0.895718	0.549808	0.2637	0.471591	0.130694	1.16216	0.0947445	0.303504	0.769427	0.6649	
0.186885	0.789632	0.478193	0.356264	0.809553	0.236264	0.665389	0.363907	0.333683	0.391965	0.384514	0.336266	0.482165	0.0527657	0.466689	0.747801	0.487234	0.334653	0.300123	0.287526	
0.194174	0.770777	0.193736	0.269255	0.559443	0.312686	0.509094	0.444025	0.13789	0.183339	0.0904768	0.416446	0.704557	0.347881	0.760658	0.502011	0.779108	0.627314	0.320333	0.430479	
0.553501	0.703204	0.762525	0.514654	1.00754	0.58408	0.770671	0.334544	0.587904	0.62889	0.708997	0.332581	0.137652	0.323147	0.258929	0.946333	0.248676	0.313656	0.652978	0.585096	
0.165485	0.804707	0.219966	0.302242	0.59039	0.280648	0.545971	0.467752	0.174051	0.220237	0.0998881	0.439522	0.715699	0.340242	0.754183	0.533869	0.774152	0.614203	0.284939	0.399635	
0.342809	0.555746	0.267913	0.0535391	0.512752	0.461497	0.351932	0.248707	0.0997113	0.120618	0.273749	0.226036	0.559794	0.35094	0.712494	0.45028	0.72104	0.627422	0.494243	0.560895	
0.719937	0.663986	0.341198	0.467807	0.0337549	0.837303	0.286221	0.664645	0.443888	0.385665	0.475478	0.656625	1.00183	0.82131	1.1951	0.0354896	1.2025	1.10512	0.835415	0.956066	
0.645952	0.242916	0.545674	0.276448	0.598397	0.752978	0.308507	0.199837	0.416532	0.402906	0.592604	0.220329	0.474458	0.556123	0.768425	0.547787	0.760711	0.762358	0.798274	0.831514	
0.0831515	0.869078	0.443621	0.398508	0.801486	0.129756	0.698511	0.45686	0.333616	0.393198	0.328399	0.427784	0.595956	0.155256	0.549843	0.741799	0.5747	0.393295	0.188493	0.212072	
0.27399	0.637446	0.220461	0.134619	0.522899	0.395756	0.406773	0.317955	0.0489462	0.105298	0.197082	0.292257	0.60743	0.33064	0.720736	0.461108	0.733353	0.615659	0.421996	0.502278	
