10	30
41.024	143.702
23.7137	114.052
123.144	159.525
113.355	147.508
164.938	79.0674
135.464	111.452
66.017	156.137
151.924	72.3441
174.51	44.3041
156.122	115.273
26.7226
33.2097
25.8061
13.0916
14.764
0.863541
28.7398
34.9947
32.5745
9.23408
1.38181
35.1849
30.0753
21.4684
24.0813
8.55085
35.1347
9.96865
2.08401
30.9881
11.271
4.52267
4.59015
31.7415
20.0893
17.2686
8.42433
5.43884
21.2945
28.1227
0.966649	0.441138	0.474175	0.319965	0.945413	0.980804	0.920361	0.826856	0.950653	0.428497	0.505164	0.952169	0.240661	0.713469	0.210063	0.323261	0.621765	0.102694	0.929955	0.952772	0.961251	0.584676	0.813907	0.733274	0.796961	0.505125	1.00005	0.503221	0.308222	0.43555	
0.28793	0.600484	0.391939	0.569269	0.279389	0.483495	0.259651	0.27762	0.444091	0.534781	0.643733	0.361675	0.580094	0.173748	0.742975	0.552564	0.0740151	0.591832	0.261581	0.296366	0.298002	0.301388	0.185771	0.144436	0.309667	0.795273	0.491993	0.367224	0.506065	0.645269	
0.693995	0.445841	0.339239	0.338512	0.678267	0.777036	0.654854	0.534112	0.666784	0.266779	0.515303	0.713238	0.190768	0.468286	0.339928	0.2071	0.336766	0.199739	0.661544	0.689695	0.666601	0.395795	0.555087	0.477649	0.580745	0.602164	0.717581	0.35203	0.273853	0.470367	
0.165774	0.64364	0.437097	0.636237	0.150981	0.378036	0.129906	0.341921	0.495998	0.664907	0.675217	0.240014	0.704916	0.141757	0.865701	0.681017	0.199426	0.698682	0.133616	0.166486	0.278474	0.320011	0.0740328	0.100467	0.236135	0.83572	0.537524	0.406464	0.580127	0.690239	
0.343471	0.470503	0.305129	0.512481	0.302929	0.214545	0.280108	0.59683	0.758298	0.781344	0.478466	0.213462	0.755162	0.153852	0.893343	0.760879	0.350373	0.673123	0.299433	0.289844	0.54489	0.183899	0.203232	0.186908	0.0452474	0.643433	0.802261	0.272102	0.480418	0.515928	
0.85564	0.112035	0.274445	0.08291	0.822994	0.751528	0.796704	0.875284	1.0315	0.665857	0.163128	0.775116	0.511779	0.57959	0.550582	0.576983	0.594085	0.312881	0.811987	0.820577	0.945556	0.402539	0.688769	0.614495	0.604367	0.187568	1.08349	0.307528	0.153264	0.0910255	
0.881496	0.579843	0.523639	0.456752	0.869463	0.979971	0.847201	0.654829	0.755757	0.195488	0.650315	0.913838	0.0138694	0.66932	0.152401	0.090561	0.520562	0.205336	0.852197	0.882902	0.816844	0.595438	0.751552	0.676117	0.783725	0.69597	0.802211	0.541937	0.4101	0.591186	
0.187043	0.614872	0.428653	0.639614	0.145864	0.214504	0.124636	0.504415	0.654145	0.794443	0.629845	0.0954468	0.805365	0.150066	0.957409	0.794901	0.327196	0.760292	0.144329	0.13195	0.413218	0.299008	0.0911199	0.14516	0.113064	0.794978	0.693094	0.39473	0.596752	0.661308	
0.883676	0.483619	0.45707	0.358715	0.866696	0.941378	0.842801	0.706722	0.823763	0.297915	0.553149	0.892403	0.113062	0.648175	0.168939	0.193582	0.527554	0.09733	0.850245	0.877072	0.85215	0.546999	0.740663	0.661656	0.749085	0.588293	0.872446	0.480235	0.32074	0.490558	
0.567079	0.815647	0.635143	0.736028	0.57868	0.830547	0.568262	0.186397	0.25248	0.341328	0.876281	0.697014	0.491252	0.519572	0.646672	0.42138	0.325111	0.619755	0.561459	0.602758	0.382129	0.597743	0.526588	0.493501	0.658129	0.997776	0.299558	0.624725	0.665663	0.851832	
