10	20
123.379	108.061
5.46802	109.023
70.6905	28.2797
101.726	21.7657
74.3375	57.5037
52.9487	40.5633
179.781	119.543
163.226	119.395
15.7757	97.4063
99.848	149.437
27.1566
11.9098
16.5151
42.071
32.8442
12.2632
8.60727
8.11411
7.23182
30.9542
33.1129
24.9937
18.2759
13.8103
5.26845
4.38599
34.455
41.2342
27.535
24.7499
0.331586	0.149525	0.372661	0.357692	0.327306	0.591709	0.416169	0.497478	0.247087	0.458784	0.55537	0.170976	0.355557	0.577241	0.63547	0.368238	0.527728	0.255828	0.263503	0.250059	
0.298081	0.485213	0.551729	0.5352	0.34944	0.88848	0.221055	0.507821	0.425813	0.34	0.734143	0.798232	0.896245	0.198978	0.11443	0.728775	0.401856	0.481602	0.752698	0.434747	
0.130989	0.269481	0.236062	0.217125	0.276565	0.579561	0.123328	0.245775	0.290372	0.39392	0.443279	0.537767	0.706077	0.210555	0.388042	0.618888	0.488918	0.36469	0.580371	0.305847	
0.15382	0.220072	0.187402	0.166216	0.281568	0.526224	0.187586	0.244742	0.270268	0.416463	0.40698	0.460925	0.643858	0.292919	0.455173	0.580602	0.510836	0.340699	0.525852	0.285583	
0.467534	0.28072	0.592494	0.576577	0.389808	0.798739	0.554803	0.712018	0.311266	0.469859	0.775481	0.203734	0.160918	0.737394	0.709909	0.179441	0.502864	0.262043	0.0439023	0.302458	
0.596259	0.579663	0.258494	0.278435	0.71142	0.0857	0.617391	0.312556	0.673457	0.853684	0.105834	0.58766	0.843955	0.627757	0.88023	0.898716	0.94605	0.727018	0.788072	0.686235	
0.380298	0.569583	0.609467	0.594521	0.434561	0.938592	0.299474	0.549169	0.511342	0.415852	0.777981	0.881811	0.981658	0.228901	0.1611	0.811462	0.469	0.566559	0.83797	0.520207	
0.405576	0.218241	0.538109	0.521439	0.333537	0.761	0.493034	0.654252	0.252841	0.423965	0.727602	0.203056	0.22269	0.675057	0.655563	0.199882	0.465732	0.210187	0.0963164	0.24516	
0.180464	0.353692	0.297475	0.282085	0.31983	0.63286	0.118443	0.259894	0.354359	0.410538	0.4812	0.632848	0.793055	0.114663	0.339271	0.688758	0.50233	0.428304	0.662846	0.369109	
0.511875	0.66546	0.423788	0.425814	0.652345	0.631061	0.447543	0.286084	0.68389	0.731615	0.458465	0.896701	1.09482	0.283991	0.579546	1.01603	0.818196	0.758351	0.975402	0.699017	
