10	20
116.306	137.067
44.4279	81.974
96.6463	87.1393
94.108	111.282
82.0143	158.113
154.825	143.221
103.873	147.237
134.754	146.451
8.036	28.8826
2.72329	58.014
17.4223
23.3995
7.91581
23.2882
25.5736
28.0546
21.6183
20.7089
25.7072
12.6853
10.7907
4.60104
9.69123
29.6818
21.637
21.9505
28.0467
17.9568
4.16382
11.5666
0.61567	0.46237	0.548452	0.398895	0.317208	0.374889	0.648613	0.819302	0.812927	0.318744	0.934549	0.749922	0.557679	0.628709	0.604982	0.48178	0.979157	0.532307	0.16745	0.862967	
0.379065	0.679226	0.539424	0.512238	0.883565	0.750274	0.88032	0.19926	0.612474	0.801331	0.417989	0.367742	0.391603	0.397297	0.313929	0.433731	0.145416	0.46243	0.784595	0.415435	
0.364473	0.529498	0.387974	0.42801	0.817623	0.696154	0.87247	0.0830255	0.475999	0.737086	0.513921	0.225879	0.248655	0.391898	0.179879	0.361254	0.293444	0.31471	0.65824	0.299503	
0.582899	0.974597	0.973103	0.57882	0.324381	0.313271	0.0875932	1.01848	1.24211	0.336244	0.704428	1.06006	0.860285	0.561156	0.839576	0.605765	0.947722	0.896558	0.739146	1.18068	
0.819288	0.54901	0.443052	0.783475	1.15464	1.06802	1.30117	0.401508	0.202259	1.08545	0.991801	0.299178	0.500211	0.850601	0.521088	0.753153	0.719736	0.48158	0.826402	0.185786	
0.235085	0.714283	0.675756	0.277854	0.338576	0.197737	0.279748	0.671272	0.928035	0.268484	0.439473	0.725377	0.537519	0.215946	0.503485	0.275443	0.618951	0.587377	0.558906	0.843068	
0.369447	0.431843	0.448308	0.15691	0.282796	0.230003	0.518259	0.622934	0.725716	0.221122	0.69087	0.59409	0.384632	0.383226	0.406489	0.239744	0.739981	0.391192	0.229357	0.715902	
0.540935	0.167748	0.0248393	0.416175	0.751291	0.683668	0.947018	0.35631	0.25661	0.688859	0.819702	0.211867	0.17516	0.57343	0.252309	0.418681	0.666176	0.104299	0.40982	0.301556	
0.409586	0.629037	0.643514	0.2834	0.113889	0.054564	0.337284	0.769066	0.91951	0.0317738	0.679615	0.768821	0.559289	0.407221	0.562083	0.344368	0.811176	0.57884	0.392185	0.891745	
0.357948	0.627844	0.629734	0.251144	0.163552	0.0355133	0.32126	0.730978	0.902859	0.08262	0.625326	0.740496	0.53278	0.354304	0.528637	0.303817	0.759976	0.55893	0.411154	0.863282	
