10	30
179.885	57.0372
122.474	11.9052
87.5586	39.7158
154.051	156.276
177.083	92.3339
81.5319	97.1871
19.625	129.05
170.312	50.811
61.8634	58.9809
96.3273	81.4925
22.7979
22.2678
22.3189
6.00314
17.5495
1.85385
9.90483
22.9909
12.1404
0.111804
22.5992
20.2809
22.3556
9.06837
19.4464
4.80903
9.60714
5.61931
15.737
19.7936
16.0347
2.33255
11.954
13.9139
7.29556
14.5223
20.0101
8.21714
3.39602
2.46285
0.342361	0.426317	0.471799	0.357293	0.504616	0.296814	0.58314	0.455953	0.304182	0.203778	0.680703	0.279091	0.412379	0.559449	0.283964	0.454063	0.305291	0.618712	0.375551	0.542588	0.274084	0.457922	0.365892	0.120463	0.207569	0.741559	0.548921	0.515024	0.251035	0.30515	
0.141525	0.128485	0.504426	0.6102	0.691721	0.621684	0.822711	0.703129	0.359252	0.528525	0.917185	0.41981	0.447978	0.870404	0.397766	0.729055	0.622131	0.933939	0.603195	0.834559	0.203948	0.69625	0.574373	0.20812	0.211086	1.02592	0.865159	0.802345	0.574814	0.620108	
0.429822	0.484158	0.620673	0.250305	0.647697	0.336686	0.708068	0.34606	0.172214	0.243715	0.566754	0.127893	0.56025	0.628163	0.136863	0.565101	0.379473	0.677247	0.251165	0.475069	0.388951	0.587823	0.508768	0.212739	0.327183	0.834996	0.522712	0.613595	0.307735	0.383413	
0.228117	0.212506	0.57541	0.55014	0.736122	0.603635	0.854204	0.638986	0.276309	0.507525	0.846951	0.345847	0.516395	0.869859	0.320856	0.746764	0.616348	0.929847	0.53703	0.782793	0.271514	0.726414	0.610392	0.21152	0.25895	1.04152	0.827409	0.815336	0.560639	0.615893	
0.237229	0.348726	0.149514	0.699673	0.365996	0.536309	0.52557	0.797332	0.598975	0.479285	1.02102	0.607029	0.0896189	0.678649	0.602399	0.486286	0.487997	0.749576	0.721111	0.856104	0.155968	0.413827	0.288418	0.290803	0.180971	0.766541	0.822149	0.568154	0.485521	0.480233	
0.669111	0.700445	0.876466	0.165732	0.870556	0.45751	0.897585	0.192408	0.223899	0.398398	0.359173	0.153149	0.8167	0.73765	0.1745	0.7412	0.531052	0.766648	0.112435	0.380874	0.641944	0.790267	0.735014	0.466543	0.582694	0.968235	0.496361	0.768196	0.456868	0.539059	
0.420658	0.503005	0.134731	0.938156	0.401931	0.739637	0.574588	1.03448	0.841291	0.699684	1.25622	0.852502	0.181669	0.811689	0.847302	0.602923	0.675899	0.881677	0.962708	1.07621	0.37845	0.50361	0.409899	0.534675	0.420879	0.832982	1.02277	0.680151	0.69241	0.666367	
0.400761	0.395986	0.709885	0.422674	0.815125	0.56588	0.904166	0.498606	0.1079	0.471479	0.689926	0.198391	0.648171	0.855248	0.167344	0.77344	0.603102	0.906148	0.39602	0.664631	0.416988	0.778312	0.678931	0.283258	0.380581	1.05475	0.73741	0.829908	0.534217	0.605869	
0.93626	1.05136	0.699528	0.789537	0.406998	0.491419	0.23446	0.830724	0.980599	0.570322	0.961996	0.911449	0.699996	0.217761	0.933972	0.268994	0.430937	0.226213	0.843611	0.716568	0.83378	0.325618	0.451258	0.802537	0.795263	0.0279618	0.572884	0.199499	0.505448	0.426221	
0.437319	0.488858	0.633545	0.245545	0.661469	0.345756	0.721154	0.340138	0.160191	0.253759	0.559566	0.114114	0.573002	0.638047	0.123215	0.577609	0.390429	0.686337	0.243664	0.473687	0.398891	0.60118	0.522551	0.222648	0.33778	0.846241	0.525308	0.62537	0.318108	0.394583	
