10	40
5.54102	119.196
50.7767	157.695
81.5004	45.1394
39.1393	28.7694
35.2213	69.8946
42.0411	23.4607
146.032	120.85
133.645	103.324
46.5393	26.5251
15.1169	141.599
7.91
16.9305
5.00132
2.41717
12.2446
4.32967
11.5963
7.40701
19.3694
17.3878
7.36758
0.0104954
5.45149
9.44262
11.3371
19.5686
14.4171
9.58402
11.5149
17.6699
19.0367
10.682
18.447
20.2709
9.86045
2.711
15.4978
15.8705
12.81
6.89899
15.393
2.21558
14.6308
2.26685
12.0908
2.22632
9.07774
8.49298
1.3544
7.43509
0.0180665	0.320836	0.118511	0.10704	0.421168	0.192417	0.685005	0.487804	0.575472	0.369712	0.61201	0.130657	0.172156	0.266348	0.755517	0.471493	0.535521	0.644039	0.562457	0.16379	0.699757	0.562936	0.332317	0.335315	0.151393	0.234066	0.322774	0.476594	0.7174	0.516584	0.432522	0.635899	0.708249	0.611739	0.307881	0.401399	0.550594	0.271106	0.450734	0.342024	
0.322823	0.62703	0.366295	0.373294	0.49649	0.452699	0.960618	0.730451	0.730944	0.69948	0.909536	0.461191	0.212828	0.485137	1.0037	0.406285	0.789124	0.823717	0.8592	0.271156	0.6113	0.634791	0.363171	0.230879	0.382862	0.452418	0.631596	0.643851	0.644339	0.833591	0.680222	0.859217	1.00416	0.900526	0.101817	0.727297	0.880257	0.202722	0.779928	0.100232	
0.792178	0.461234	0.69115	0.827145	0.655399	0.601354	0.0903566	0.325034	0.450072	0.514169	0.832421	0.674233	0.946733	0.910951	0.115116	0.847122	0.263171	0.367952	0.818729	0.777689	0.935271	0.626446	0.748767	1.11068	0.668958	0.596569	0.462285	0.472645	0.914959	0.700223	0.920955	0.25147	0.129743	0.172631	0.97232	0.457152	0.56457	0.871476	0.468009	1.00098	
0.583462	0.517093	0.454029	0.674184	0.148665	0.420666	0.590156	0.378028	0.199545	0.675493	1.06051	0.58611	0.668357	0.830469	0.552345	0.255924	0.428594	0.293105	1.01957	0.433406	0.286546	0.0227756	0.271425	0.807742	0.423012	0.359673	0.527326	0.203919	0.269708	0.925842	0.968129	0.398007	0.685072	0.589433	0.526298	0.651456	0.869107	0.429004	0.715127	0.537477	
0.66223	0.325944	0.579937	0.683753	0.621403	0.493549	0.118493	0.281214	0.470592	0.346802	0.658151	0.532926	0.818618	0.751872	0.246217	0.809344	0.226743	0.418497	0.643413	0.67934	0.937791	0.63306	0.688269	0.978946	0.563641	0.504956	0.324086	0.455631	0.924613	0.524804	0.7489	0.297689	0.0628493	0.0660545	0.880495	0.290568	0.390819	0.786932	0.294214	0.911847	
0.339564	0.0813378	0.236822	0.388358	0.338774	0.148171	0.36566	0.176053	0.335572	0.239928	0.630543	0.240727	0.492047	0.50519	0.434101	0.503392	0.215432	0.368177	0.59273	0.33304	0.679397	0.418855	0.363459	0.656707	0.217933	0.162216	0.0915575	0.252543	0.678346	0.492604	0.585098	0.326834	0.403517	0.299926	0.534303	0.217864	0.43541	0.442613	0.283099	0.565902	
0.23139	0.177592	0.238501	0.219466	0.505733	0.218935	0.537674	0.404828	0.565672	0.151048	0.437984	0.0931365	0.376666	0.287159	0.634493	0.620989	0.430858	0.602494	0.393004	0.345156	0.832688	0.620062	0.469492	0.523926	0.252015	0.279362	0.172416	0.475534	0.841081	0.318282	0.351238	0.552374	0.534248	0.452835	0.52455	0.192874	0.329756	0.468139	0.232412	0.559026	
0.463652	0.580693	0.380566	0.556434	0.218595	0.410185	0.797456	0.555622	0.457582	0.717966	1.04993	0.536973	0.480615	0.713045	0.795029	0.0400976	0.61735	0.558593	1.00239	0.291894	0.255701	0.309025	0.152554	0.582869	0.36464	0.361965	0.589701	0.402955	0.282803	0.934888	0.88806	0.636487	0.87373	0.76788	0.270769	0.717262	0.923249	0.207166	0.782366	0.269838	
0.225578	0.203485	0.247508	0.203712	0.523855	0.236306	0.561981	0.430706	0.589988	0.165207	0.423711	0.0944587	0.365472	0.262373	0.659825	0.6334	0.456758	0.627929	0.377612	0.350809	0.847761	0.640915	0.482268	0.50874	0.263805	0.297367	0.198202	0.499102	0.857145	0.309102	0.326559	0.578319	0.556336	0.476604	0.524272	0.211145	0.332049	0.472622	0.245591	0.558674	
0.43949	0.155	0.327635	0.490982	0.345011	0.23785	0.277532	0.0760313	0.26804	0.298535	0.693546	0.343139	0.589557	0.60611	0.333809	0.528459	0.113721	0.27979	0.660113	0.412161	0.676249	0.388448	0.404537	0.754597	0.303887	0.2314	0.162883	0.206708	0.668965	0.551972	0.675565	0.225257	0.33346	0.226518	0.608699	0.259489	0.47101	0.510328	0.317481	0.63837	
