15	20
106.193	97.7113
31.0875	55.1433
1.15361	60.9518
49.1548	141.572
64.0738	134.382
56.2864	47.7346
50.0152	38.1624
97.432	80.1343
23.5587	113.938
145.741	113.202
174.126	102.562
61.3406	23.3641
40.5527	134.45
105.43	30.7467
69.9498	146.776
21.305
52.9076
1.40355
42.8558
2.2073
35.8397
42.3394
46.1758
53.1101
12.3195
14.5883
38.1101
36.2064
53.2949
19.7595
57.1302
9.73469
45.7432
24.5611
50.8232
0.544062	0.456351	0.914838	0.516837	0.458634	0.541122	0.187221	0.21214	0.629588	0.763015	0.3503	0.890839	0.532246	0.517694	0.902641	0.965929	0.812418	0.692671	0.734276	0.707382	
0.466851	0.457361	0.367101	0.48595	0.133443	0.408696	0.579269	0.484835	0.187896	0.494438	0.236986	0.317346	0.436331	0.248967	0.358835	0.428064	0.249408	0.1084	0.503107	0.130443	
0.429953	0.455839	0.397037	0.461127	0.299692	0.588553	0.662873	0.567952	0.106835	0.370029	0.370863	0.188616	0.617028	0.42957	0.19114	0.459215	0.286635	0.166086	0.391994	0.0905761	
0.639999	0.622603	0.259978	0.656482	0.222782	0.303757	0.694079	0.605436	0.358822	0.666504	0.340224	0.375047	0.335797	0.172563	0.450488	0.309408	0.17515	0.158553	0.677667	0.234249	
1.03628	0.989471	0.586626	1.03976	0.587073	0.269173	0.918686	0.861798	0.817354	1.12003	0.651212	0.834882	0.263808	0.401682	0.920231	0.584073	0.593136	0.635033	1.1232	0.710829	
0.142682	0.111033	0.706092	0.147491	0.314195	0.630615	0.337246	0.252997	0.249689	0.3155	0.24899	0.542964	0.64593	0.496313	0.517359	0.768626	0.586567	0.436787	0.291983	0.40209	
0.274075	0.262822	0.554462	0.291024	0.19273	0.526569	0.43508	0.340248	0.133223	0.354125	0.185847	0.415699	0.547103	0.377347	0.410192	0.61686	0.434971	0.285322	0.349174	0.256526	
0.656992	0.692109	0.289791	0.691273	0.488306	0.694436	0.899775	0.804337	0.345829	0.539405	0.585041	0.0536056	0.726409	0.55295	0.135505	0.33551	0.243726	0.261415	0.573538	0.227792	
0.0749188	0.0729278	0.753309	0.0849603	0.379629	0.698333	0.359133	0.28575	0.279089	0.270971	0.316657	0.566827	0.713717	0.562883	0.529822	0.816278	0.634054	0.484667	0.241295	0.44222	
0.289321	0.377993	0.870839	0.32101	0.650549	0.984989	0.680861	0.621531	0.419961	0.11225	0.6292	0.58715	1.00621	0.831963	0.502568	0.930989	0.765696	0.640316	0.110691	0.569173	
0.859816	0.822225	0.409625	0.867723	0.40658	0.164389	0.800524	0.729809	0.619441	0.925001	0.490193	0.634282	0.185366	0.22599	0.717722	0.421348	0.396964	0.431433	0.930896	0.507348	
0.754072	0.741805	0.169387	0.772851	0.34633	0.348017	0.816324	0.728474	0.454937	0.758237	0.463248	0.391003	0.379918	0.261827	0.481642	0.203627	0.145997	0.229736	0.774135	0.303365	
0.251486	0.315428	0.635426	0.290835	0.426636	0.757751	0.598723	0.515948	0.177732	0.132121	0.432899	0.376417	0.781431	0.600675	0.312609	0.69701	0.526059	0.396604	0.152913	0.326785	
0.979257	0.951371	0.368866	0.99176	0.532947	0.32729	0.956135	0.881286	0.706202	1.01351	0.630726	0.651702	0.345903	0.368577	0.745391	0.355443	0.405166	0.490553	1.02547	0.566371	
0.55026	0.475996	0.715468	0.536745	0.285987	0.33278	0.330004	0.284165	0.515168	0.726413	0.211916	0.736175	0.32827	0.30585	0.766534	0.763073	0.620815	0.517954	0.708611	0.548775	
