15	40
59.4733	74.2975
70.9845	58.5868
89.2322	136.416
53.103	89.1595
50.1176	98.4571
29.5611	69.2688
88.3449	69.44
82.1127	130.765
5.12933	155.121
49.1639	26.2932
47.5719	95.9114
46.8477	126.342
65.3661	151.539
3.6817	32.7315
39.0492	111.879
18.0694
32.2308
20.0154
9.25834
25.2378
7.72161
24.5701
19.8688
3.89404
5.60654
20.7395
23.2274
15.9227
18.0304
14.5385
27.1246
5.20905
22.9394
18.8666
12.1729
0.58651
34.48
1.11807
33.849
6.73299
27.8095
32.1138
7.41223
10.5206
26.6629
5.25868
15.5353
32.7708
33.3593
24.3236
19.5644
13.6137
8.28326
23.8506
10.0151
0.959942	0.193887	0.345877	1.07826	0.317633	0.610802	0.222276	0.976283	0.5257	0.562196	0.125553	0.478356	0.66506	0.572513	0.68518	0.744456	0.146447	0.424973	0.750781	0.92331	0.358868	1.00027	0.285382	0.274767	0.6363	0.851042	0.26024	0.344684	1.06221	0.718416	0.27679	0.675472	0.0266805	0.227536	0.528406	0.683249	0.845459	0.766181	0.438414	0.925156	
0.293885	0.657417	0.463043	0.421673	0.481789	0.231066	0.511481	0.262355	0.56886	0.672348	0.641845	0.585678	0.194267	0.597086	0.449142	0.0840737	0.569688	0.350954	0.0856871	0.442963	0.450825	0.301594	0.528035	0.712918	0.408076	0.218566	0.524794	0.796429	0.386408	0.287127	0.705698	0.411737	0.701664	0.681033	0.270491	0.485333	0.4818	0.0803876	0.820194	0.351873	
0.774467	0.962919	0.850806	0.879492	0.852903	0.753045	0.690733	0.616737	1.04113	1.142	0.905211	0.461941	0.379665	0.383099	0.214344	0.633776	0.774682	0.50886	0.47539	0.162728	0.845483	0.723508	0.884791	0.714056	0.266825	0.747819	0.63944	0.743065	0.826596	0.275292	1.04701	0.946301	0.904215	0.723574	0.749688	0.21909	0.0730953	0.492909	0.69829	0.286749	
0.697283	1.01322	0.877745	0.791668	0.884055	0.73623	0.755293	0.52592	1.04863	1.15186	0.962812	0.566692	0.376008	0.497074	0.300708	0.590187	0.838849	0.559618	0.432425	0.0738533	0.870473	0.635922	0.920622	0.812706	0.339494	0.687804	0.713362	0.851211	0.736945	0.279738	1.09128	0.925685	0.974187	0.815691	0.747507	0.318784	0.138985	0.445167	0.814452	0.191236	
0.180391	0.756658	0.549198	0.232024	0.57705	0.276249	0.732927	0.353554	0.507853	0.588455	0.77681	0.896962	0.533567	0.922956	0.788334	0.255463	0.760758	0.636275	0.407947	0.752397	0.534958	0.270286	0.620074	0.970062	0.745332	0.136937	0.773287	1.06212	0.249193	0.625109	0.763125	0.27203	0.863592	0.9272	0.357022	0.824129	0.813064	0.3893	1.10505	0.638682	
0.20587	0.693974	0.485597	0.283456	0.513261	0.210606	0.667585	0.357385	0.457995	0.544034	0.712429	0.83785	0.487047	0.867077	0.740586	0.212613	0.695106	0.575171	0.370714	0.723775	0.471309	0.290662	0.556827	0.905456	0.695312	0.124969	0.708741	0.997802	0.291097	0.582601	0.703515	0.225935	0.798531	0.862211	0.291413	0.775552	0.775629	0.354274	1.04203	0.615519	
0.76485	0.0981201	0.116436	0.874868	0.0888903	0.404468	0.239701	0.814251	0.293049	0.347674	0.116474	0.5592	0.574365	0.643269	0.683199	0.568463	0.185733	0.381145	0.617513	0.870653	0.130704	0.818005	0.0473153	0.447091	0.626018	0.653802	0.313727	0.536538	0.866242	0.655203	0.159218	0.439772	0.214122	0.392702	0.323939	0.694487	0.824422	0.627325	0.618449	0.840017	
0.159486	0.75905	0.550484	0.220636	0.57807	0.272085	0.726449	0.330484	0.518744	0.601683	0.776859	0.883248	0.514824	0.9074	0.769693	0.236662	0.756699	0.624204	0.387197	0.729974	0.536182	0.248919	0.621806	0.961729	0.727469	0.114224	0.764944	1.05326	0.233419	0.605175	0.768398	0.284013	0.862215	0.91966	0.353881	0.805725	0.791918	0.368178	1.09448	0.615779	
0.60984	0.544474	0.430147	0.737531	0.43043	0.406536	0.291449	0.544952	0.634164	0.73097	0.493554	0.270069	0.170323	0.293057	0.225418	0.389863	0.373162	0.0904479	0.301492	0.413722	0.426021	0.609873	0.461372	0.422936	0.166892	0.528315	0.264971	0.496322	0.700612	0.205188	0.625338	0.589977	0.511558	0.403375	0.371004	0.246383	0.357285	0.323615	0.508749	0.41385	
0.931857	0.210105	0.334885	1.05185	0.307361	0.587689	0.180098	0.941848	0.528748	0.573083	0.133575	0.434835	0.623898	0.528819	0.639948	0.713517	0.109913	0.382348	0.713419	0.879021	0.347005	0.969292	0.280603	0.241423	0.591212	0.82393	0.215098	0.318309	1.03398	0.675094	0.299751	0.664244	0.0567902	0.191207	0.505791	0.637996	0.800359	0.729424	0.409444	0.882617	
1.02057	0.425476	0.511632	1.14682	0.487563	0.711663	0.254466	0.991359	0.726674	0.781375	0.347237	0.298782	0.627442	0.38814	0.555505	0.793217	0.256228	0.392222	0.748817	0.82189	0.520908	1.04066	0.473087	0.0453542	0.520997	0.920618	0.216189	0.102443	1.1197	0.645625	0.516051	0.827176	0.26774	0.0588952	0.636042	0.541159	0.719068	0.76899	0.193749	0.856479	
0.878108	0.0989219	0.246023	0.992984	0.217571	0.522429	0.207817	0.909046	0.421027	0.461193	0.0212985	0.511542	0.625513	0.602969	0.68464	0.669812	0.125024	0.399128	0.694266	0.903222	0.259612	0.924262	0.181982	0.347766	0.631259	0.767864	0.269487	0.429106	0.980274	0.691501	0.192033	0.573949	0.0793319	0.294962	0.440059	0.688568	0.838506	0.70745	0.518292	0.890935	
0.149484	0.772887	0.564197	0.206671	0.591741	0.28483	0.738269	0.323968	0.532628	0.615196	0.790349	0.891717	0.519669	0.914678	0.774521	0.241851	0.769261	0.633668	0.389932	0.72981	0.549889	0.239411	0.635572	0.972821	0.733013	0.114412	0.776067	1.06413	0.220388	0.608738	0.782475	0.2977	0.87542	0.931065	0.366813	0.810764	0.793895	0.370431	1.10458	0.61447	
0.864529	0.489104	0.48468	0.992512	0.469184	0.600573	0.215068	0.810564	0.713609	0.790705	0.414302	0.112644	0.433849	0.206254	0.346138	0.638469	0.280206	0.225457	0.566835	0.611304	0.488702	0.872	0.475415	0.168889	0.310412	0.773867	0.140845	0.231349	0.959142	0.439553	0.584077	0.75253	0.378296	0.170301	0.537897	0.334401	0.510175	0.588633	0.248167	0.648858	
0.560293	0.505815	0.372737	0.688311	0.376039	0.337004	0.278108	0.513658	0.569088	0.667483	0.462658	0.328096	0.166174	0.360064	0.290077	0.335441	0.353821	0.0856304	0.271097	0.448887	0.367263	0.568558	0.410744	0.448261	0.232214	0.472578	0.269993	0.529125	0.654624	0.233672	0.581173	0.519631	0.493635	0.420943	0.300773	0.313826	0.409028	0.291164	0.552281	0.429561	
