10	20
30.3736	19.2811
150.162	61.7448
159.123	65.2913
20.1388	74.2958
175.317	108.768
131.698	106.623
80.2263	20.9936
164.971	154.928
117.631	127.381
57.2628	48.184
3.7624
18.0417
37.5173
40.5836
20.7441
35.5625
1.19256
8.97499
30.4273
18.1443
30.2511
15.2413
30.3196
16.3376
8.78095
29.6113
29.4392
9.44686
0.56597
8.80072
0.584413	0.519917	0.767345	0.702187	0.646813	0.605324	0.172794	0.781203	0.509314	0.817144	0.506957	0.619261	0.420658	0.597076	0.28459	0.782968	0.671912	0.557793	0.662655	0.816338	
0.814331	0.842644	0.505492	0.175469	0.11348	0.268491	0.648275	0.377362	0.454091	0.252232	0.324701	0.509611	0.396112	0.53286	0.674133	0.408155	0.468745	0.519624	0.173244	0.256151	
0.865027	0.887201	0.432086	0.245028	0.142192	0.32499	0.633283	0.45161	0.404308	0.328541	0.288555	0.570532	0.42668	0.591567	0.644734	0.332815	0.400968	0.574855	0.119661	0.180766	
0.723986	0.650181	0.825596	0.856986	0.788579	0.765003	0.256602	0.945726	0.582346	0.975868	0.616294	0.784577	0.58227	0.761761	0.307379	0.861155	0.734888	0.722808	0.783184	0.922176	
0.696893	0.652203	0.56154	0.606699	0.515973	0.534103	0.0352634	0.736302	0.305068	0.734376	0.326295	0.630104	0.373839	0.61761	0.116519	0.581862	0.466452	0.576924	0.494768	0.632343	
0.458589	0.504888	0.792331	0.201245	0.30859	0.118961	0.611243	0.147294	0.623026	0.232473	0.482341	0.137416	0.22664	0.164244	0.702042	0.720748	0.722	0.162512	0.45568	0.60908	
0.862705	0.836186	0.321847	0.559579	0.428444	0.531553	0.274094	0.740586	0.072483	0.690317	0.181338	0.708241	0.438731	0.706977	0.212207	0.349976	0.227111	0.669799	0.341231	0.433445	
0.609197	0.671582	0.859249	0.217171	0.363391	0.243869	0.792408	0.0577202	0.741138	0.119963	0.595189	0.288142	0.413601	0.322042	0.870203	0.76963	0.806129	0.339172	0.51032	0.623442	
0.572304	0.593251	0.606592	0.149931	0.152006	0.0785691	0.483485	0.288455	0.437859	0.271187	0.295186	0.299739	0.14812	0.313524	0.552176	0.540351	0.534286	0.28973	0.280756	0.44753	
0.981525	0.940235	0.397297	0.751243	0.62136	0.716353	0.310151	0.926483	0.242853	0.882375	0.374064	0.872453	0.601614	0.86668	0.18437	0.467999	0.326176	0.827475	0.527641	0.592709	
