10	30
106.418	80.1345
7.93864	25.1233
21.8514	40.9866
86.6442	113.369
171.857	99.5204
116.19	85.9016
22.9417	135.476
72.5925	56.0073
161.174	121.064
24.4805	155.324
4.5719
21.6398
22.6484
24.6167
6.52347
23.0848
17.3095
17.2798
6.81719
13.0309
29.4782
12.2827
7.02321
17.0036
1.63013
20.8538
7.68404
6.10183
15.7181
17.5356
16.1918
23.6797
3.00264
31.4685
26.0449
2.23221
20.1006
13.5458
14.9755
12.3782
0.204808	0.519301	0.359783	0.385163	0.386975	0.351999	0.31403	0.509329	0.352051	0.0106563	0.54451	0.413415	0.343513	0.407524	0.369459	0.225292	0.0169676	0.670698	0.594857	0.346534	0.457841	0.528476	0.318434	0.195672	0.412754	0.254308	0.262519	0.373707	0.419761	0.44463	
0.443131	0.837891	0.676162	0.375425	0.0654533	0.388215	0.0739977	0.555997	0.358472	0.327484	0.854946	0.236159	0.461879	0.647861	0.571951	0.357914	0.338131	0.975591	0.797282	0.142463	0.547004	0.849877	0.372898	0.426639	0.498525	0.53038	0.522371	0.429938	0.613379	0.765929	
0.586019	0.580074	0.343834	0.81373	0.689081	0.306145	0.670462	0.288734	0.342922	0.434331	0.656342	0.54345	0.199366	0.0751784	0.733299	0.649054	0.418576	0.779293	0.167939	0.72744	0.214599	0.506431	0.745944	0.235182	0.222101	0.571692	0.599585	0.798618	0.0316352	0.4505	
0.474978	0.230084	0.093623	0.768105	0.830629	0.589074	0.765791	0.638707	0.617048	0.449064	0.315498	0.780966	0.495594	0.287332	0.557513	0.588845	0.43511	0.426604	0.428138	0.796717	0.562023	0.144068	0.686526	0.375381	0.551263	0.403804	0.437474	0.717614	0.387533	0.106079	
0.460393	0.0262789	0.2662	0.7439	0.925024	0.784025	0.838391	0.865081	0.805291	0.535063	0.0740233	0.936187	0.705636	0.531032	0.462559	0.584305	0.526935	0.174555	0.680952	0.848888	0.789343	0.124211	0.664005	0.552105	0.770031	0.364488	0.390261	0.67367	0.626961	0.154818	
0.467176	0.15049	0.377948	0.724642	0.960324	0.872634	0.865374	0.969011	0.890132	0.58421	0.0654658	1.00177	0.803301	0.648832	0.422477	0.584828	0.579373	0.0783417	0.807354	0.865182	0.894659	0.255143	0.649716	0.639654	0.870979	0.371766	0.388573	0.647192	0.741098	0.276578	
0.811828	0.679739	0.48576	1.06047	0.941296	0.535736	0.926464	0.447909	0.573156	0.680954	0.766786	0.776072	0.436849	0.270256	0.943816	0.889675	0.664698	0.869801	0.0940573	0.983672	0.397559	0.579902	0.989021	0.48811	0.429924	0.778611	0.809957	1.03825	0.276421	0.557987	
0.43723	0.51119	0.27383	0.661284	0.568791	0.258944	0.535795	0.330756	0.287928	0.28157	0.575175	0.465367	0.168805	0.139428	0.589726	0.496179	0.265724	0.704766	0.31878	0.5879	0.257365	0.46238	0.593011	0.087222	0.233022	0.43243	0.457884	0.645748	0.148039	0.389511	
0.530148	0.0899907	0.273555	0.818859	0.977002	0.801064	0.895191	0.866034	0.825378	0.584283	0.153371	0.969809	0.715045	0.518148	0.543971	0.654408	0.574434	0.215352	0.649047	0.910481	0.789466	0.0869151	0.738053	0.573813	0.775208	0.436184	0.464071	0.750936	0.617933	0.158984	
0.443949	0.722113	0.514038	0.53285	0.299043	0.14765	0.300658	0.322445	0.128659	0.254473	0.763226	0.190559	0.21084	0.415339	0.606115	0.425483	0.252123	0.893397	0.549121	0.367454	0.300659	0.704036	0.49254	0.218007	0.251192	0.497837	0.506229	0.554472	0.367294	0.621914	
