15	30
114.974	98.6841
25.7079	134.548
154.569	67.2589
74.2876	86.5247
57.8481	146.258
166.466	19.5403
102.167	159.802
161.603	75.2249
112.587	144.575
48.1053	87.3103
79.1934	36.2491
145.24	148.722
168.425	25.4557
89.885	17.411
80.88	90.4178
20.3765
20.8681
19.5173
9.09795
15.6478
17.6427
20.7247
4.73125
15.0145
21.0619
19.2281
15.6002
7.87429
19.704
10.7989
18.0111
15.7894
14.0488
13.1292
12.19
9.19533
21.9968
17.5734
13.6106
2.59396
21.012
15.846
12.7754
14.8837
5.44986
0.486426	0.506781	1.18055	0.63258	0.79291	0.473737	0.629295	0.545267	0.836021	0.351151	0.784947	0.406911	0.711993	0.727892	0.709171	0.325108	0.598494	1.06573	0.654502	0.537188	0.718432	0.523938	0.918739	0.719995	0.927177	0.896986	0.698549	0.800915	0.328806	0.59178	
0.522253	0.501068	1.20489	0.651877	0.828545	0.509245	0.654283	0.549578	0.871558	0.35854	0.813632	0.438741	0.743724	0.763718	0.702564	0.347083	0.624214	1.08744	0.688822	0.548637	0.747083	0.523194	0.917675	0.719422	0.927456	0.921966	0.729432	0.799062	0.364039	0.627343	
0.565703	0.272216	1.04154	0.47034	0.830669	0.525482	0.510748	0.31841	0.866612	0.140417	0.695005	0.388284	0.663366	0.792847	0.474803	0.218902	0.488478	0.909208	0.655266	0.335165	0.631026	0.289097	0.683781	0.485344	0.693292	0.768198	0.638911	0.565508	0.390793	0.636151	
0.840683	0.871799	0.101365	0.471345	0.728369	0.783007	0.451202	0.718843	0.709187	0.806087	0.342821	0.711366	0.478994	0.812274	0.87175	0.757523	0.483507	0.0945663	0.622377	0.633031	0.397215	0.797618	0.769066	0.750794	0.736393	0.185733	0.462074	0.775433	0.843073	0.745893	
0.704242	0.524034	0.443624	0.16642	0.733297	0.636871	0.241027	0.37154	0.736449	0.481726	0.321162	0.503706	0.432076	0.779421	0.534334	0.474967	0.273599	0.295057	0.558016	0.294207	0.314813	0.449897	0.484682	0.416288	0.458924	0.23432	0.396062	0.457059	0.637253	0.654636	
1.09315	0.393916	0.944012	0.591576	1.23675	1.03009	0.721604	0.397885	1.25233	0.578861	0.874822	0.86041	0.952704	1.25199	0.193965	0.709053	0.735629	0.786541	1.04229	0.483342	0.847406	0.384415	0.110417	0.207689	0.146206	0.802992	0.915035	0.127924	0.951366	1.09894	
0.31969	0.589781	1.09878	0.591995	0.630608	0.315627	0.55444	0.584688	0.675066	0.392399	0.681181	0.292753	0.587392	0.560419	0.788729	0.294836	0.520128	1.0007	0.508375	0.543377	0.616347	0.586247	0.970417	0.774076	0.972748	0.815153	0.58075	0.858439	0.179909	0.43156	
0.585834	0.540194	0.461407	0.115102	0.612018	0.519066	0.123678	0.389126	0.617121	0.447374	0.214266	0.396985	0.311459	0.656051	0.593422	0.402692	0.158501	0.338098	0.434587	0.287848	0.195689	0.467683	0.585142	0.483973	0.562915	0.193724	0.274721	0.53922	0.53254	0.531766	
0.42291	0.398202	1.01257	0.461171	0.701609	0.388044	0.462613	0.399242	0.740288	0.203604	0.62777	0.272315	0.570281	0.655583	0.596835	0.154508	0.433347	0.895092	0.537863	0.373925	0.561386	0.395218	0.783229	0.585536	0.787441	0.730078	0.551803	0.669406	0.247578	0.50274	
0.720954	0.871967	0.210004	0.447242	0.585252	0.667799	0.387774	0.719744	0.56441	0.771586	0.232362	0.619727	0.354907	0.672442	0.905221	0.696883	0.4143	0.224448	0.493179	0.620581	0.296155	0.798826	0.839924	0.787886	0.810023	0.14151	0.345172	0.826482	0.744857	0.618034	
0.518845	0.826297	0.420774	0.407409	0.380641	0.470915	0.297431	0.68435	0.365516	0.681252	0.106892	0.454889	0.157626	0.463096	0.906032	0.572867	0.308055	0.407606	0.28538	0.574195	0.160273	0.758636	0.898098	0.800035	0.873643	0.222174	0.162202	0.856566	0.566426	0.410205	
0.158737	0.72674	0.768526	0.445259	0.257215	0.109603	0.329421	0.63012	0.292098	0.523222	0.339644	0.187422	0.207699	0.242474	0.877158	0.370126	0.300648	0.713361	0.096118	0.529879	0.29196	0.680493	0.965729	0.805651	0.952955	0.508378	0.2203	0.883586	0.233603	0.0891203	
0.815483	0.871753	0.116403	0.464357	0.698088	0.758678	0.43602	0.718514	0.678484	0.798495	0.317963	0.691706	0.452349	0.782773	0.878906	0.744336	0.467414	0.120263	0.594999	0.629499	0.374442	0.797603	0.784216	0.758437	0.752086	0.168454	0.436722	0.786213	0.822321	0.718918	
0.186094	0.586675	0.915461	0.451916	0.465359	0.147956	0.385727	0.531016	0.50619	0.371759	0.491153	0.110441	0.392525	0.415224	0.766496	0.221813	0.350333	0.828017	0.319622	0.456982	0.427838	0.558873	0.906804	0.722287	0.902151	0.634535	0.386924	0.806199	0.0263028	0.26445	
0.274333	0.504116	0.806186	0.321102	0.485271	0.212906	0.262669	0.424285	0.518412	0.296035	0.395769	0.0435944	0.32612	0.462777	0.667856	0.141879	0.227846	0.708691	0.304005	0.338459	0.329529	0.464269	0.788838	0.61119	0.781918	0.52225	0.309338	0.693564	0.157132	0.302122	
