15	20
178.249	74.9177
156.932	133.401
85.3953	80.2504
136.032	59.3174
27.6221	126.322
141.555	31.4374
160.76	16.8156
118.85	117.963
142.442	30.1092
44.5074	57.0193
34.5143	25.8415
68.5944	24.2814
126.06	63.9553
169.444	72.2294
174.332	98.7336
12.0097
8.80971
15.6323
2.28182
15.5259
30.9443
28.0969
25.1756
7.57411
9.37599
10.5079
31.8282
33.2871
21.7099
20.5065
4.96424
29.747
2.78729
7.68128
19.0857
0.322288	0.628701	0.430644	0.208978	0.343256	0.495071	0.456179	0.550494	0.437328	0.274674	0.696456	0.278175	0.187586	0.377096	0.36529	0.518337	0.500538	0.250333	0.502564	0.439422	
0.601121	0.446853	0.709892	0.340687	0.304404	0.75425	0.17471	0.365701	0.421645	0.460847	0.618867	0.56294	0.467854	0.103509	0.118224	0.361837	0.703191	0.342812	0.642549	0.163597	
0.438002	0.49832	0.464876	0.373367	0.187437	0.479945	0.458108	0.427319	0.268938	0.444462	0.530902	0.352824	0.314322	0.392979	0.312652	0.384687	0.413793	0.409696	0.369029	0.451558	
0.481359	0.6889	0.339112	0.624906	0.399829	0.253632	0.781178	0.644062	0.370343	0.642541	0.577232	0.361417	0.432551	0.719969	0.621441	0.587859	0.0888663	0.671069	0.12436	0.777074	
0.165035	0.843797	0.130323	0.415982	0.525406	0.225794	0.755031	0.776259	0.56644	0.381682	0.82147	0.0505048	0.169345	0.676972	0.644537	0.730446	0.340064	0.464078	0.439368	0.739394	
0.160455	0.859846	0.116794	0.425394	0.541386	0.220002	0.770121	0.792435	0.581483	0.386854	0.835819	0.0540646	0.177665	0.691867	0.66052	0.746523	0.344489	0.473267	0.448612	0.754274	
0.279512	0.94286	0.508712	0.181789	0.679685	0.63549	0.645252	0.861493	0.776126	0.065604	1.03469	0.363593	0.260089	0.568443	0.635196	0.838559	0.738144	0.192114	0.794246	0.618331	
0.693984	0.697032	0.870141	0.350809	0.59877	0.950895	0.258541	0.622752	0.716379	0.456212	0.904301	0.706282	0.584748	0.231512	0.38338	0.634387	0.948395	0.313952	0.915142	0.230976	
0.56488	0.371485	0.606069	0.423035	0.109528	0.616436	0.348657	0.295334	0.226948	0.519907	0.459485	0.489351	0.434292	0.298473	0.183914	0.260102	0.52622	0.447082	0.445619	0.348987	
0.949851	0.0942218	0.938044	0.815593	0.325067	0.900467	0.530579	0.153299	0.290544	0.919088	0.181801	0.857502	0.825674	0.544395	0.398357	0.14988	0.734086	0.832613	0.583813	0.552671	
0.806888	0.395967	0.722677	0.79912	0.298603	0.648026	0.704441	0.394843	0.180335	0.870097	0.190893	0.693724	0.709797	0.680093	0.53116	0.342364	0.452304	0.832527	0.289725	0.71566	
0.612404	0.382563	0.696322	0.388745	0.230683	0.726613	0.212963	0.300584	0.346686	0.503635	0.542482	0.55956	0.477696	0.161401	0.0751357	0.29052	0.656397	0.398367	0.582953	0.211586	
0.343897	0.775783	0.195755	0.542894	0.464042	0.149273	0.787113	0.719792	0.468304	0.536948	0.701587	0.22642	0.319461	0.716674	0.645894	0.667094	0.16213	0.591146	0.270915	0.777608	
0.343786	0.890662	0.13072	0.606207	0.579647	0.0362939	0.892249	0.835319	0.580712	0.578062	0.805968	0.245815	0.363925	0.81939	0.756767	0.782431	0.20071	0.654718	0.349888	0.881086	
0.317486	0.842355	0.135038	0.55839	0.528987	0.0918788	0.836647	0.785174	0.536043	0.537292	0.768682	0.209316	0.320546	0.76385	0.701692	0.733043	0.195497	0.606957	0.327768	0.825519	
