10	40
37.3492	68.513
128.692	105.606
7.98731	11.6416
44.2106	67.4019
129.115	73.0273
176.321	11.9592
91.0183	82.4145
115.552	133.357
77.3065	53.9722
54.0739	116.658
17.5322
9.54173
3.36066
15.3572
2.69053
8.92926
7.9089
8.25202
11.2777
15.7558
16.0458
0.885249
11.4545
9.60871
2.00385
12.2953
16.0456
10.5536
13.9138
1.78522
8.87252
4.84515
6.98492
0.111428
12.4294
17.8706
12.702
15.8271
7.31269
6.07098
6.40323
14.6269
17.4337
6.64499
0.587643
9.2392
1.86917
0.263465
13.1554
3.82694
0.173162	0.648932	0.689615	0.407277	0.143843	0.239522	0.183203	0.318787	0.483172	0.639147	0.555284	0.403354	0.324858	0.423381	0.213979	0.398165	0.320333	0.386893	0.229759	0.170761	0.0920923	0.505718	0.55346	0.376982	0.120787	0.283824	0.433799	0.518533	0.659598	0.3785	0.333548	0.45319	0.746337	0.58319	0.515473	0.30612	0.624095	0.223663	0.162023	0.0295287	
0.218835	0.725102	0.515876	0.487369	0.315852	0.327984	0.324187	0.250248	0.317002	0.52994	0.505358	0.597905	0.395308	0.335876	0.340486	0.597209	0.15008	0.528625	0.111693	0.0996007	0.291569	0.704364	0.378946	0.404276	0.23861	0.266088	0.234291	0.477474	0.703255	0.179762	0.459343	0.424016	0.577821	0.701156	0.362408	0.377234	0.66708	0.343504	0.342083	0.201019	
0.543686	0.806965	0.189055	0.621796	0.647196	0.525374	0.572462	0.310523	0.378481	0.333755	0.711533	0.92163	0.708809	0.285405	0.570552	0.894808	0.198962	0.735023	0.296592	0.353204	0.609425	0.997626	0.0668817	0.694458	0.571685	0.382072	0.144609	0.432971	0.737928	0.17178	0.788059	0.667118	0.255204	0.849885	0.13156	0.692474	0.707169	0.67409	0.623001	0.508828	
0.243958	1.0175	0.695894	0.775158	0.405158	0.606975	0.573531	0.551626	0.191279	0.79674	0.208173	0.671033	0.287131	0.62731	0.600113	0.741821	0.411902	0.780921	0.413772	0.398661	0.451125	0.845738	0.576658	0.225734	0.318829	0.569211	0.367728	0.777486	1.00409	0.349673	0.408366	0.156846	0.763242	0.972543	0.599871	0.280721	0.9678	0.339909	0.55513	0.416847	
0.609231	0.655575	0.205838	0.503951	0.672498	0.453022	0.522757	0.234006	0.540582	0.15825	0.849605	0.91817	0.78684	0.153486	0.509864	0.858544	0.243666	0.643504	0.305063	0.361881	0.612357	0.953245	0.133603	0.79165	0.615474	0.303026	0.298507	0.265713	0.574573	0.296152	0.843246	0.789357	0.239728	0.722669	0.0516092	0.768688	0.546654	0.726326	0.589962	0.511647	
0.828242	0.12464	0.756526	0.261905	0.766596	0.42071	0.494604	0.472606	0.994127	0.491876	1.1945	0.848027	0.982484	0.449763	0.459572	0.702528	0.644023	0.389222	0.597729	0.603871	0.674305	0.743954	0.699107	1.03636	0.780047	0.435895	0.789937	0.30276	0.00820573	0.753588	0.963177	1.10024	0.761655	0.279263	0.611117	0.96419	0.0357638	0.87165	0.564166	0.630504	
0.678422	0.625033	0.229035	0.501757	0.729973	0.478603	0.556202	0.274055	0.622304	0.0765448	0.930263	0.96291	0.857261	0.174627	0.538813	0.891008	0.318818	0.653176	0.368855	0.422712	0.663687	0.98113	0.201345	0.86615	0.679127	0.334477	0.380136	0.231824	0.534296	0.377693	0.907482	0.868168	0.240485	0.709171	0.131411	0.838818	0.509716	0.790836	0.628494	0.56531	
0.360074	0.7752	0.371622	0.555615	0.470844	0.421054	0.444008	0.255104	0.27382	0.443504	0.56129	0.752428	0.526012	0.296356	0.451468	0.74349	0.0829131	0.633452	0.162355	0.204539	0.443639	0.849495	0.238117	0.516277	0.391082	0.307443	0.0863187	0.456822	0.730485	0.0315248	0.604568	0.502415	0.436456	0.782261	0.246538	0.509404	0.69584	0.491164	0.478648	0.347695	
0.859454	0.180391	0.734142	0.306652	0.806615	0.456956	0.535361	0.483022	1.00455	0.463212	1.21939	0.900026	1.01832	0.447414	0.50039	0.757207	0.65179	0.443362	0.613783	0.625274	0.714515	0.801055	0.686654	1.06882	0.814759	0.454425	0.792217	0.2917	0.0660976	0.759212	1.00457	1.1275	0.734452	0.337995	0.599313	0.999783	0.0843176	0.909763	0.607742	0.664534	
0.603614	0.22542	0.781059	0.0715589	0.512002	0.207206	0.248499	0.38007	0.850309	0.574798	0.985113	0.570164	0.737623	0.4229	0.216533	0.428024	0.536524	0.114735	0.456489	0.436489	0.421374	0.480689	0.681145	0.802084	0.543664	0.312263	0.694663	0.36026	0.274018	0.645574	0.701816	0.883681	0.809309	0.168169	0.599852	0.720442	0.246328	0.621204	0.303249	0.403505	
