15	20
170.509	92.4587
42.9792	26.711
130.37	24.3512
179.693	57.6343
114.596	104.118
178.705	94.187
25.5303	82.8045
101.284	112.925
130.024	159.751
17.9032	92.5334
147.136	91.3004
67.752	139.445
15.214	95.7549
20.8048	86.6989
77.6952	12.2428
9.33148
18.622
13.9598
30.0784
43.4871
17.8737
12.2657
59.4988
39.8209
47.272
27.8696
55.3603
34.316
46.551
4.86726
73.9694
13.548
10.8049
21.1185
55.8428
0.851548	0.261188	0.688388	0.829162	0.727286	1.00311	0.451366	0.649148	0.691095	0.76192	1.00797	0.899908	0.543413	0.852448	0.740774	0.620179	0.90188	0.104971	0.350564	0.650904	
0.908784	0.621126	0.469687	0.535249	0.655856	0.947456	0.936791	0.250523	0.78452	0.638665	0.706839	0.148575	0.327568	0.0214692	0.556475	0.927918	0.145138	0.766169	0.748554	0.227117	
0.927662	0.437175	0.498467	0.619225	0.677886	1.00648	0.828513	0.225743	0.773326	0.67686	0.822	0.242564	0.174401	0.234871	0.599033	0.870651	0.244844	0.553505	0.626618	0.175052	
0.614908	0.137279	0.310735	0.459976	0.408137	0.734898	0.434528	0.282915	0.443731	0.430351	0.658023	0.6032	0.224178	0.515678	0.384048	0.49287	0.603634	0.30406	0.232965	0.302956	
0.322379	0.581123	0.554757	0.592547	0.414138	0.479562	0.178508	0.761053	0.270611	0.454318	0.648538	1.11119	0.759026	0.994252	0.508938	0.0782156	1.11045	0.635404	0.338628	0.80203	
0.714532	0.390268	0.276966	0.395716	0.461093	0.784817	0.688638	0.00178272	0.569592	0.456373	0.600425	0.348799	0.128888	0.238395	0.376912	0.692618	0.347986	0.548774	0.499048	0.0494608	
0.849248	0.64337	0.420781	0.464776	0.600822	0.876018	0.92012	0.254639	0.736821	0.578994	0.624317	0.23837	0.360219	0.111194	0.498325	0.892824	0.234496	0.798013	0.741466	0.249915	
0.326791	0.733662	0.30676	0.164474	0.229641	0.285015	0.67174	0.558215	0.336912	0.190433	0.0575653	0.829978	0.657217	0.689658	0.219496	0.52831	0.826932	0.887517	0.617776	0.60819	
0.528401	0.534056	0.126443	0.150643	0.283449	0.561668	0.664892	0.256162	0.425718	0.258585	0.344885	0.529199	0.370435	0.389765	0.179627	0.598474	0.526545	0.701474	0.524049	0.30393	
0.613905	0.0981804	0.393536	0.534758	0.446189	0.750808	0.346539	0.400837	0.442571	0.476875	0.718931	0.713951	0.332456	0.631982	0.448166	0.442926	0.714666	0.225562	0.147963	0.419237	
0.133988	0.685593	0.346232	0.269606	0.17048	0.16499	0.518615	0.621391	0.182207	0.166823	0.233815	0.938201	0.691232	0.800338	0.247341	0.353555	0.935838	0.819248	0.5148	0.67248	
0.332529	0.656275	0.226566	0.0890668	0.171494	0.328959	0.623323	0.482116	0.300892	0.128753	0.133182	0.766353	0.578152	0.626251	0.140984	0.495492	0.763526	0.81218	0.551934	0.532578	
0.306587	0.433083	0.176709	0.238333	0.0970731	0.415323	0.3817	0.417628	0.1503	0.132964	0.380947	0.762001	0.459323	0.634481	0.143244	0.301268	0.760552	0.574459	0.294739	0.465603	
0.187764	0.842243	0.489856	0.384557	0.32568	0.0440496	0.639465	0.763369	0.322788	0.314761	0.253179	1.06399	0.841605	0.924159	0.389182	0.458332	1.06126	0.972864	0.662893	0.814603	
0.0843824	0.687195	0.376726	0.313429	0.192273	0.154269	0.488411	0.650617	0.162553	0.198563	0.281747	0.974258	0.713331	0.837497	0.280921	0.31601	0.972039	0.813809	0.502574	0.701367	
