15	40
42.153	55.9826
39.1741	63.6259
78.07	73.8567
71.9568	90.9109
86.0588	39.4575
54.9843	86.2921
14.4441	105.53
29.6318	54.2516
18.2501	41.1378
0.0527213	66.7619
1.08578	31.2554
54.9876	58.0229
21.5413	73.2865
2.70769	76.659
21.647	80.5167
2.83833
8.54124
6.45595
16.2624
8.41733
17.8262
9.43255
17.8166
1.50404
21.1346
4.16776
13.0078
9.17132
21.9396
8.76951
5.28446
13.8641
16.4541
13.7262
11.0702
15.5931
22.6363
4.96213
20.0056
13.5222
9.39643
4.71174
17.5964
8.76375
14.1858
1.55345
10.7455
20.984
2.84418
17.8052
7.65686
20.2522
20.4467
13.3247
24.1029
0.74323	0.307431	0.442439	0.514435	0.440506	0.823505	0.471177	0.193067	0.177491	0.352367	0.706482	0.767173	0.646199	0.651025	0.648845	0.679431	0.609343	0.452499	0.494949	0.678393	0.645654	0.837633	0.442304	0.440631	0.321052	0.772512	0.311602	0.687306	0.175035	0.335109	0.140458	0.832126	0.160941	0.803544	0.182502	0.433596	0.398205	0.4814	0.890953	0.429413	
0.178267	0.875007	0.956998	0.708413	0.656783	0.707744	0.365782	0.806909	0.851296	0.5843	0.884769	0.154705	0.285297	0.295347	0.431643	0.480179	0.853571	0.573586	0.772918	1.18945	0.220722	0.941574	0.824794	0.623697	0.682377	0.177129	0.930262	0.252598	0.661972	0.852689	0.838491	0.880191	0.722644	0.0799256	0.851555	0.825091	0.729759	1.07881	0.816919	0.462696	
0.70824	0.412694	0.329354	0.223708	0.313713	0.284768	0.690615	0.504869	0.864608	0.454887	0.0110576	0.734115	0.603707	0.591911	0.454544	0.412325	0.0879127	0.375357	0.207731	0.392127	0.685393	0.141816	0.256664	0.339234	0.406523	0.962115	0.445134	0.633047	0.662226	0.374426	0.827077	0.158091	0.768535	0.808679	0.869191	0.265647	0.3105	0.425117	0.26828	0.824445	
0.174447	0.565002	0.626798	0.364544	0.321802	0.41175	0.246831	0.526596	0.700665	0.289144	0.544343	0.202586	0.0598389	0.0503914	0.104971	0.164457	0.508706	0.242033	0.430815	0.848369	0.143969	0.614305	0.489075	0.290427	0.375629	0.424112	0.622782	0.0963263	0.463588	0.535905	0.674858	0.559037	0.562871	0.272363	0.702893	0.490531	0.400333	0.752629	0.521485	0.41962	
0.111238	0.737291	0.822589	0.58376	0.525843	0.626538	0.233444	0.668254	0.729637	0.446582	0.773732	0.110984	0.171699	0.185263	0.328815	0.384302	0.733901	0.442346	0.645574	1.05968	0.0893229	0.84272	0.692971	0.492415	0.545041	0.199372	0.792218	0.153735	0.529026	0.715836	0.713969	0.785565	0.597092	0.10451	0.730324	0.692763	0.596198	0.943035	0.73725	0.355936	
0.708874	0.554371	0.47717	0.321783	0.410438	0.20055	0.750558	0.637114	0.987789	0.547504	0.136829	0.731852	0.619176	0.605313	0.461744	0.407723	0.229057	0.45178	0.331491	0.515597	0.707272	0.0593626	0.394684	0.428018	0.519319	0.987357	0.590192	0.640225	0.771684	0.514728	0.950826	0.0124234	0.882168	0.80701	0.992165	0.403716	0.429764	0.571019	0.137179	0.900682	
0.187554	0.604243	0.696717	0.478621	0.409828	0.584683	0.105711	0.530741	0.605906	0.314765	0.686596	0.20666	0.143346	0.157864	0.278327	0.338167	0.634293	0.327692	0.534436	0.941055	0.0857723	0.771385	0.572953	0.376372	0.413773	0.28345	0.658107	0.163227	0.394303	0.585092	0.587215	0.721089	0.470168	0.235961	0.60706	0.571768	0.473626	0.814025	0.693394	0.263659	
0.307967	0.747153	0.856829	0.668122	0.591478	0.783302	0.204644	0.651416	0.610499	0.474281	0.883241	0.30937	0.327716	0.343185	0.476377	0.536051	0.825384	0.513386	0.718104	1.11054	0.240911	0.971555	0.745555	0.559027	0.569275	0.143114	0.795406	0.329565	0.460244	0.735962	0.603653	0.921911	0.493391	0.284085	0.609988	0.742962	0.644877	0.964897	0.892728	0.213433	
0.493489	0.459344	0.589221	0.501615	0.410745	0.743197	0.201265	0.343445	0.299411	0.270044	0.729877	0.513208	0.420494	0.430154	0.484073	0.533204	0.646467	0.36677	0.522511	0.848922	0.39159	0.847254	0.514631	0.389198	0.327781	0.481687	0.496699	0.454879	0.125196	0.461544	0.282155	0.818182	0.165255	0.535746	0.30052	0.508847	0.424313	0.676322	0.836437	0.146026	
0.263843	0.84143	0.87075	0.582651	0.580439	0.422488	0.534162	0.82614	1.01465	0.592987	0.671955	0.26196	0.303217	0.293615	0.300816	0.300238	0.681364	0.518267	0.652774	1.04833	0.35255	0.681877	0.729062	0.556754	0.666081	0.540645	0.899162	0.271962	0.77929	0.806241	0.989821	0.612874	0.876561	0.307657	1.01669	0.733425	0.661793	0.998527	0.516301	0.69733	
0.38526	0.377655	0.481561	0.322206	0.234196	0.546531	0.17092	0.300812	0.451377	0.100536	0.55084	0.411039	0.282125	0.286368	0.300499	0.343832	0.476105	0.174953	0.357707	0.73554	0.294303	0.661251	0.373228	0.206562	0.193937	0.49556	0.429853	0.324003	0.210034	0.362529	0.42312	0.627422	0.315899	0.457932	0.454059	0.369906	0.273224	0.592288	0.640307	0.278698	
1.01137	0.40012	0.264229	0.473035	0.526066	0.652976	0.903083	0.52538	0.867463	0.63347	0.376508	1.03925	0.895886	0.887638	0.769902	0.742624	0.348642	0.609399	0.406821	0.0311014	0.962529	0.446149	0.362676	0.559624	0.541665	1.21736	0.381018	0.933147	0.748319	0.391738	0.831514	0.500679	0.823582	1.10949	0.872521	0.364767	0.46318	0.219229	0.624093	0.987254	
0.658857	0.147904	0.142376	0.152809	0.163651	0.458672	0.530984	0.233405	0.597212	0.261659	0.282058	0.687167	0.541021	0.535074	0.439259	0.430603	0.1843	0.245767	0.0918157	0.376604	0.599044	0.413802	0.0161234	0.195891	0.174748	0.846161	0.193565	0.581378	0.414711	0.106838	0.559447	0.416711	0.512232	0.753285	0.601936	0.00855002	0.0912983	0.270066	0.496962	0.625008	
0.495155	0.310146	0.432971	0.347791	0.257693	0.617642	0.248697	0.209795	0.353253	0.124999	0.573172	0.520308	0.393973	0.398283	0.40222	0.439204	0.486788	0.231737	0.362252	0.692704	0.40119	0.694461	0.352091	0.241543	0.165393	0.574208	0.354918	0.435666	0.111743	0.306148	0.321924	0.670704	0.224944	0.563346	0.35649	0.346392	0.262491	0.529391	0.701973	0.29236	
0.433844	0.440717	0.443647	0.156748	0.192932	0.200062	0.455929	0.467057	0.765507	0.292908	0.273424	0.45971	0.331459	0.31898	0.180135	0.142134	0.254644	0.185848	0.223892	0.617923	0.41622	0.344234	0.304694	0.188504	0.309977	0.695752	0.495051	0.359048	0.528813	0.40095	0.731401	0.294659	0.642309	0.534273	0.769203	0.310458	0.261151	0.57004	0.290525	0.612802	
