10	20
36.2619	158.84
0.0812273	151.167
51.2989	134.494
22.8553	66.037
81.5013	138.184
18.3983	128.023
175.506	124.365
135.701	86.5309
20.4148	51.2561
73.7433	138.852
31.9694
11.3582
12.9436
28.9137
48.881
10.2401
15.0873
1.43936
39.6174
60.9382
47.6792
27.3679
7.16399
53.2161
19.0126
58.6946
44.8457
1.05065
42.7374
25.7181
0.955938	0.437088	0.154572	0.414084	0.74679	0.75839	0.379899	0.942626	0.429369	0.724024	0.889916	0.666131	0.219285	0.372012	1.04482	0.917291	0.432127	0.451788	0.776303	1.15825	
0.454272	0.969048	1.12071	0.840317	0.691248	0.495392	0.983225	0.91197	0.853352	0.631827	0.451659	0.607586	1.10483	0.943177	0.213075	0.640326	0.847239	0.809385	0.628331	0.20498	
0.279231	0.730642	0.853081	0.575562	0.461468	0.230258	0.736691	0.787061	0.585885	0.386232	0.281227	0.359107	0.837136	0.676634	0.0869877	0.514263	0.591059	0.548286	0.440641	0.215007	
0.409886	0.859379	1.02045	0.736557	0.625729	0.393573	0.874011	0.818264	0.757817	0.556692	0.344436	0.499285	1.00814	0.84972	0.105924	0.54358	0.739765	0.703619	0.521056	0.209611	
0.125999	0.71181	0.678886	0.46478	0.164299	0.252222	0.692528	0.947079	0.400662	0.113684	0.482349	0.389308	0.639388	0.469343	0.386525	0.70422	0.529532	0.468565	0.573584	0.363612	
0.80629	0.361669	0.741522	0.502575	0.817531	0.482666	0.415152	0.217581	0.637526	0.723719	0.325399	0.353666	0.783964	0.716124	0.58569	0.155862	0.414283	0.445926	0.164934	0.812541	
0.326906	0.511388	0.606563	0.327551	0.34493	0.0231634	0.506854	0.705247	0.347554	0.248953	0.269296	0.15287	0.595389	0.442123	0.309646	0.470913	0.35181	0.303524	0.332169	0.435286	
0.559588	0.721968	0.968272	0.674995	0.713992	0.383037	0.750482	0.592403	0.740375	0.62617	0.189258	0.41483	0.974407	0.836633	0.207868	0.323476	0.64656	0.628735	0.34638	0.430528	
0.631232	0.620329	0.90872	0.619821	0.744233	0.386747	0.655924	0.458565	0.708396	0.650519	0.140017	0.365733	0.925224	0.803398	0.311618	0.188537	0.57357	0.567841	0.238252	0.545279	
0.046749	0.779362	0.758622	0.540372	0.221994	0.292812	0.763248	0.982636	0.480336	0.191174	0.498829	0.440806	0.718664	0.548658	0.359821	0.729062	0.600471	0.540775	0.610222	0.295945	
