15	20
78.7783	113.895
114.067	77.2443
14.7166	154.494
86.1378	73.5777
62.788	111.197
31.2113	55.4835
47.4033	99.1496
137.852	32.8044
69.3766	100.042
54.6088	35.2786
155.53	105.904
48.854	134.115
39.521	66.1838
116.395	67.3051
74.5123	25.0281
31.8031
9.55692
27.9033
24.2868
28.4689
34.208
15.1232
9.20318
6.99914
26.089
24.0734
20.7562
29.3394
11.8088
17.7386
4.19932
28.6218
14.7333
25.2966
27.0251
0.17824	0.340407	0.84386	0.278172	0.691853	0.124786	0.476176	0.620901	0.513797	0.542955	0.477998	0.872876	0.455864	0.381544	0.687557	0.516813	0.64748	0.634196	0.180341	0.509621	
0.454953	0.0960571	0.423969	0.690146	0.427173	0.456258	0.232325	0.335194	0.147289	0.128844	0.400721	0.717961	0.0331798	0.308017	0.280123	0.301996	0.472078	0.289783	0.61552	0.359234	
0.357219	0.520062	0.995476	0.0746698	0.776235	0.301886	0.591224	0.830446	0.662151	0.733667	0.684345	0.88754	0.640641	0.462105	0.882901	0.727335	0.699149	0.839616	0.114972	0.578857	
0.482689	0.108219	0.405888	0.677926	0.365405	0.476636	0.166801	0.398999	0.0927066	0.178099	0.46222	0.652817	0.0949548	0.252976	0.3221	0.367477	0.406494	0.348707	0.615495	0.294608	
0.321964	0.345323	0.80727	0.261756	0.597949	0.270367	0.403922	0.690393	0.474339	0.561952	0.587795	0.74495	0.46604	0.280776	0.71358	0.597812	0.533826	0.685821	0.239306	0.403955	
0.0743474	0.425873	0.935072	0.347185	0.829668	0.0568789	0.606055	0.608491	0.619275	0.594725	0.414343	1.02882	0.523399	0.530047	0.723487	0.495934	0.79737	0.643635	0.209705	0.657273	
0.500565	0.46389	0.713904	0.89662	0.858622	0.546394	0.673442	0.14976	0.578349	0.374348	0.160429	1.15794	0.414756	0.724154	0.367942	0.141635	0.913459	0.238218	0.771386	0.797671	
0.363752	0.197636	0.637406	0.431699	0.453645	0.329929	0.241846	0.574014	0.304343	0.410031	0.527364	0.651492	0.312628	0.148291	0.561965	0.498295	0.415379	0.553215	0.392235	0.275084	
0.746293	0.450184	0.511825	0.724134	0.152942	0.713563	0.224108	0.78593	0.331969	0.549394	0.839175	0.27418	0.484384	0.235384	0.661065	0.757188	0.0352942	0.72551	0.737576	0.111898	
0.778053	0.420059	0.306411	0.855124	0.0675803	0.758841	0.209443	0.673224	0.234448	0.432019	0.782129	0.376069	0.399558	0.324759	0.508926	0.672763	0.190561	0.599002	0.838393	0.221393	
0.264917	0.10966	0.618268	0.51633	0.548757	0.260715	0.322164	0.402077	0.307092	0.296191	0.339056	0.798093	0.212017	0.305674	0.441398	0.314967	0.550064	0.398719	0.426841	0.412454	
0.69531	0.323619	0.188112	0.884604	0.300346	0.692922	0.25326	0.457179	0.148983	0.227928	0.607285	0.610409	0.240672	0.394654	0.275889	0.479244	0.403917	0.37625	0.830917	0.36036	
0.344138	0.131574	0.548589	0.650248	0.566035	0.359216	0.356113	0.267339	0.289909	0.185572	0.263004	0.846956	0.135654	0.391171	0.316173	0.192928	0.597909	0.261695	0.552308	0.472406	
0.251203	0.291617	0.717001	0.638351	0.742127	0.291645	0.524645	0.285069	0.469636	0.341512	0.117487	1.01279	0.314505	0.530656	0.433966	0.171741	0.763139	0.331968	0.515182	0.630245	
0.893613	0.531571	0.29441	0.965246	0.127578	0.875148	0.326015	0.75271	0.33896	0.516629	0.881753	0.351714	0.498732	0.436551	0.568687	0.764719	0.248478	0.672849	0.953071	0.323555	
