10	30
139.228	96.8825
176.062	54.8922
22.0663	101.45
177.495	39.5885
84.2124	130.647
22.3258	77.0906
18.2851	130.454
55.8859	50.6799
15.9052	44.6744
130.666	21.6167
14.8819
13.0657
7.61699
14.1791
15.8446
3.15996
4.91075
0.797268
2.48588
4.96283
4.08559
15.2121
12.237
5.25629
6.44176
11.795
2.1498
8.30526
15.6258
13.7869
1.10977
9.6984
0.469814
5.78225
8.01422
8.73873
9.10985
9.51318
7.21736
12.8716
0.313068	0.358958	0.0979528	0.329544	0.624011	0.41408	0.116367	0.493983	0.404445	0.497305	0.712661	0.277535	0.387603	0.584368	0.54644	0.602306	0.447428	0.509169	0.375843	0.343588	0.427269	0.565007	0.343835	0.442295	0.235276	0.442025	0.653874	0.351218	0.474453	0.249234	
0.488625	0.496474	0.180832	0.513731	0.47614	0.32414	0.241962	0.326834	0.369821	0.299452	0.567201	0.471488	0.387493	0.709674	0.442761	0.456091	0.355734	0.592087	0.386505	0.149966	0.353776	0.360312	0.279149	0.30582	0.106476	0.500909	0.56109	0.55574	0.447132	0.428723	
0.757021	0.889229	0.572056	0.897228	0.615776	0.265896	0.632991	0.47852	0.372635	0.348303	0.687484	0.776071	0.435784	1.09993	0.67776	0.132693	0.632371	0.971562	0.452728	0.244462	0.652022	0.191869	0.319458	0.535237	0.462781	0.87418	0.32752	0.913187	0.409296	0.714458	
0.929503	0.634447	0.523976	0.755977	0.0804843	0.771697	0.546878	0.200125	0.845279	0.327913	0.115665	0.884572	0.873595	0.734156	0.0893156	0.799226	0.179613	0.562003	0.874974	0.520044	0.213487	0.50023	0.750708	0.185872	0.399127	0.471739	0.969141	0.873054	0.91998	0.865539	
0.443371	0.22703	0.0986993	0.272469	0.539522	0.55808	0.0558677	0.441611	0.565775	0.491244	0.620754	0.384264	0.555457	0.442491	0.430706	0.7208	0.333338	0.343805	0.545023	0.418382	0.30311	0.607096	0.494303	0.36555	0.22129	0.270686	0.801269	0.364832	0.638898	0.381614	
0.517588	0.474274	0.17107	0.506	0.433529	0.370949	0.230219	0.288156	0.419015	0.277907	0.524547	0.493682	0.4365	0.681563	0.394347	0.491684	0.306553	0.556706	0.435189	0.174264	0.304606	0.362992	0.327997	0.259755	0.057921	0.462799	0.605452	0.560943	0.4963	0.455983	
0.412023	0.755552	0.47063	0.693332	0.835383	0.14099	0.512443	0.678869	0.0338036	0.597417	0.924338	0.461343	0.032216	0.980667	0.82337	0.343293	0.738566	0.907722	0.0529473	0.359872	0.736046	0.53606	0.117201	0.680738	0.488439	0.834098	0.288469	0.646697	0.0746145	0.393226	
0.348516	0.667303	0.385938	0.606794	0.783212	0.16834	0.425659	0.628199	0.100399	0.560629	0.873492	0.388301	0.0771241	0.89241	0.758776	0.387446	0.670194	0.820759	0.0711599	0.323754	0.664645	0.525495	0.105044	0.620312	0.418542	0.748777	0.366851	0.566271	0.16282	0.320642	
0.33406	0.780752	0.543962	0.686868	0.977673	0.313	0.570433	0.823081	0.20525	0.754546	1.06814	0.40487	0.145686	0.999027	0.947427	0.504443	0.855955	0.954577	0.134079	0.516707	0.847061	0.706066	0.28032	0.81217	0.605111	0.895093	0.402825	0.605605	0.182519	0.342831	
0.601661	0.137059	0.456813	0.213734	0.785807	0.903744	0.397533	0.742142	0.890183	0.825546	0.844054	0.519891	0.863896	0.110454	0.640044	1.08106	0.571655	0.195893	0.848663	0.78231	0.532021	0.961743	0.833958	0.651128	0.576144	0.259952	1.14397	0.347309	0.955515	0.563595	
