10	30
127.431	69.6877
99.2344	73.8912
14.8086	86.3224
169.995	120.383
51.6979	118.492
34.1522	116.486
133.8	35.1551
110.245	60.848
162.905	108.463
44.0414	139.277
23.9042
1.32607
13.0275
20.963
16.8398
23.7624
8.22523
21.9754
8.87282
16.7806
9.87034
0.933322
22.4178
6.27329
17.4451
24.146
20.2571
23.9783
26.5526
2.19179
8.74115
18.6264
18.2404
1.64193
4.46609
21.5443
23.3585
18.7214
23.1177
16.302
0.964354	0.959607	0.417098	0.710635	0.471445	0.445942	0.497889	0.128482	0.612707	0.2628	0.546128	0.447777	0.86089	0.470903	0.570302	0.0323105	0.428766	0.812735	0.639889	0.456273	0.25005	0.355637	0.487815	0.204653	0.457786	0.47916	0.755892	0.270894	0.870135	0.652413	
1.1912	1.15068	0.791879	0.681033	0.745145	0.819501	0.866657	0.257863	0.811011	0.625866	0.901717	0.823392	1.01247	0.238361	0.610387	0.349139	0.257297	0.880267	0.890195	0.321315	0.313112	0.552709	0.575342	0.579846	0.142904	0.787621	0.898643	0.306838	0.724566	0.484983	
1.15655	1.12204	0.726001	0.685281	0.698858	0.755762	0.804419	0.19725	0.777779	0.559145	0.842538	0.758549	0.989546	0.268376	0.599889	0.285146	0.271529	0.870449	0.849299	0.332128	0.278538	0.51397	0.555268	0.514248	0.191836	0.736232	0.875969	0.276738	0.751858	0.511565	
0.466986	0.502556	0.437168	0.659134	0.100627	0.337117	0.293888	0.591318	0.254829	0.508339	0.217729	0.385242	0.477808	0.778674	0.508111	0.535076	0.713221	0.574441	0.165133	0.68719	0.529597	0.307923	0.429733	0.437786	0.837821	0.0517871	0.421545	0.544213	0.911553	0.801924	
0.124526	0.222424	0.771103	0.738707	0.40645	0.662157	0.599584	0.919418	0.337426	0.866819	0.499465	0.709618	0.324555	1.02534	0.641342	0.878812	0.961003	0.536528	0.243516	0.916954	0.819462	0.579732	0.608011	0.799011	1.10825	0.413	0.367905	0.827556	0.990592	0.966587	
0.869801	0.844036	0.540193	0.524424	0.407514	0.53381	0.565919	0.132162	0.495097	0.423291	0.582651	0.551207	0.724415	0.331697	0.390246	0.160779	0.275811	0.64515	0.558076	0.286733	0.0694672	0.226647	0.315633	0.342354	0.359227	0.450868	0.613457	0.0922709	0.685196	0.475378	
0.540992	0.525948	0.527913	0.46309	0.113895	0.456452	0.442851	0.45276	0.178824	0.523624	0.400009	0.497612	0.432006	0.576395	0.304418	0.427594	0.510628	0.439262	0.229445	0.47871	0.348419	0.108753	0.218835	0.433772	0.64665	0.200688	0.335301	0.358149	0.707576	0.587627	
0.553618	0.605293	0.33546	0.766175	0.199214	0.228783	0.176718	0.602286	0.374849	0.438198	0.0982922	0.277158	0.59477	0.835192	0.610248	0.530438	0.771236	0.694038	0.279563	0.753771	0.573129	0.380071	0.52545	0.383584	0.881175	0.107148	0.541847	0.590937	1.01403	0.88705	
0.400302	0.323489	0.808941	0.334495	0.344866	0.724497	0.694149	0.690426	0.151589	0.817215	0.624126	0.769799	0.172127	0.679772	0.258325	0.691719	0.621347	0.169053	0.273717	0.565897	0.544014	0.349555	0.265277	0.727273	0.779309	0.428556	0.0584034	0.542271	0.587279	0.574853	
0.794885	0.736066	0.744222	0.280823	0.444964	0.710453	0.722248	0.356593	0.423157	0.657164	0.706718	0.73923	0.586933	0.267647	0.17667	0.408296	0.206435	0.447186	0.536228	0.156588	0.191762	0.243387	0.155456	0.569142	0.363631	0.523897	0.473975	0.176197	0.4451	0.266606	
