15	40
15.7484	79.9338
15.2762	29.282
71.3865	146.017
50.6018	136.018
26.4213	47.95
89.7313	130.882
83.4055	47.8418
17.6605	102.871
46.5323	52.0857
47.4085	70.6842
22.0771	72.3521
51.0977	145.214
23.2437	131.565
6.777	57.8442
29.9939	68.0437
7.43143
12.903
10.0943
24.6656
10.7845
5.68719
2.79035
11.4283
13.6869
8.11288
5.40294
5.89291
1.49628
2.86187
17.5874
18.585
3.13219
7.12894
2.98359
22.8317
19.5382
14.7843
3.12605
6.63206
1.93423
16.0238
23.9238
1.43665
9.88258
21.9494
21.1027
14.3834
6.81527
16.1626
14.5189
11.7974
19.2836
10.8404
3.62518
6.28029
0.840924	0.56696	0.309596	0.517186	0.187912	0.670342	0.658493	0.158417	0.243787	0.291608	0.214819	0.396554	0.307348	0.228526	0.400896	0.853165	0.787227	0.785998	0.52594	0.613056	0.0922028	0.305451	0.897553	0.473347	0.400423	0.948598	0.90779	0.889084	0.227772	0.761493	0.0845987	0.692071	0.96174	0.796512	0.165023	0.0949084	0.777386	0.650566	0.59182	0.793767	
0.67768	0.310131	0.386726	0.240805	0.559155	0.260197	0.236793	0.713595	0.425537	0.378078	0.591896	0.398964	0.524017	0.65701	0.265377	0.355171	0.12242	0.338539	0.147917	0.355017	0.591488	0.419783	0.257404	0.348817	0.349178	0.287477	0.253886	0.224162	0.459055	0.744906	0.68315	0.0970785	0.302215	0.640511	0.824697	0.642186	0.176111	0.566374	0.586262	0.472494	
0.516268	0.156629	0.281312	0.10909	0.399242	0.255642	0.460725	0.412584	0.244971	0.223549	0.278212	0.0735839	0.440392	0.339003	0.144895	0.641707	0.436015	0.598769	0.25348	0.212173	0.324948	0.326261	0.585501	0.0785987	0.0212346	0.576361	0.528525	0.533247	0.187565	0.840427	0.465468	0.312429	0.58628	0.470518	0.552203	0.359468	0.3831	0.67038	0.651945	0.40104	
1.28865	0.893064	0.513687	0.794267	0.519423	0.9146	0.472669	0.853894	0.585611	0.576892	0.836028	0.832616	0.403969	0.887097	0.6379	0.52685	0.765464	0.465052	0.598691	0.955874	0.716693	0.476571	0.734143	0.854664	0.787079	0.904918	0.900071	0.826755	0.706138	0.0626952	0.636628	0.789404	0.922616	1.24406	0.826463	0.76954	0.870839	0.129782	0.128006	1.12658	
1.12339	0.732703	0.500213	0.639492	0.610345	0.710964	0.224672	0.912766	0.582932	0.548524	0.841862	0.743476	0.50098	0.905743	0.535538	0.182088	0.480843	0.134417	0.42759	0.788817	0.76428	0.489728	0.405502	0.731652	0.689137	0.591124	0.598029	0.516587	0.689356	0.370206	0.757827	0.550354	0.608335	1.08339	0.948953	0.824272	0.611137	0.24388	0.312189	0.925998	
0.838317	0.441619	0.152655	0.342739	0.305852	0.468622	0.197476	0.564178	0.230755	0.192046	0.484512	0.40194	0.239998	0.549067	0.19434	0.39202	0.400518	0.326605	0.158808	0.504344	0.417721	0.160784	0.462259	0.409577	0.350614	0.566346	0.540928	0.492685	0.331633	0.509839	0.450042	0.37044	0.582786	0.79418	0.625807	0.477422	0.461815	0.334383	0.327439	0.676838	
0.831035	0.547042	0.661672	0.508385	0.83282	0.450171	0.382283	1.0038	0.71057	0.662606	0.879966	0.67513	0.777552	0.944182	0.555353	0.331354	0.172869	0.374998	0.427471	0.569486	0.881423	0.687924	0.101785	0.612523	0.629914	0.103615	0.142456	0.0802428	0.749548	0.868585	0.965224	0.301793	0.116477	0.804846	1.11391	0.932631	0.269867	0.709378	0.75453	0.606606	
0.772985	0.616761	0.515889	0.605269	0.429293	0.733624	0.856273	0.102083	0.435473	0.476695	0.218702	0.444133	0.548624	0.160401	0.549599	1.05359	0.924621	0.991802	0.688744	0.642477	0.250242	0.525297	1.05908	0.522975	0.476505	1.07221	1.02509	1.02478	0.353351	1.0059	0.316467	0.807877	1.08261	0.734298	0.176583	0.190243	0.879529	0.891437	0.834869	0.793591	
0.388967	0.079699	0.409122	0.135531	0.521233	0.196633	0.550473	0.474319	0.370046	0.351179	0.335221	0.114693	0.567923	0.382547	0.264781	0.715784	0.456895	0.682544	0.343895	0.103463	0.41902	0.454108	0.620222	0.0492934	0.128574	0.569974	0.518125	0.543008	0.293864	0.962783	0.571959	0.322267	0.576427	0.343421	0.630127	0.440708	0.365923	0.789982	0.775501	0.284116	
0.905737	0.68492	0.466391	0.649147	0.332855	0.795467	0.815212	0.157712	0.399206	0.446644	0.287933	0.508552	0.44843	0.261966	0.549861	1.00955	0.936956	0.941886	0.679371	0.723185	0.224534	0.460875	1.05221	0.588945	0.524673	1.09571	1.05305	1.03888	0.363076	0.880942	0.190145	0.835497	1.1082	0.864036	0.010407	0.182455	0.917369	0.787308	0.723532	0.893136	
1.32205	0.929216	0.535982	0.831007	0.521092	0.956998	0.52794	0.85262	0.602931	0.599084	0.845156	0.858381	0.411021	0.892945	0.670113	0.589697	0.820299	0.526941	0.641821	0.992311	0.720504	0.495982	0.794571	0.885538	0.815111	0.962833	0.956395	0.88448	0.722237	0.0805454	0.62746	0.838128	0.98054	1.277	0.812791	0.770722	0.921587	0.185781	0.162801	1.16672	
0.959073	0.711403	0.444769	0.665559	0.292852	0.817334	0.789398	0.217107	0.387606	0.435585	0.331271	0.537785	0.401076	0.31826	0.549142	0.980257	0.934393	0.910505	0.670741	0.754582	0.236768	0.43188	1.03966	0.616529	0.54638	1.09677	1.05652	1.0361	0.375879	0.816106	0.144206	0.841232	1.11011	0.916192	0.0758891	0.212323	0.926747	0.732332	0.665811	0.931	
0.702135	0.51814	0.431696	0.504114	0.370439	0.634398	0.764722	0.0514019	0.349151	0.387054	0.117395	0.34408	0.486485	0.0632908	0.451547	0.961769	0.823826	0.90193	0.591262	0.546618	0.174621	0.446631	0.959923	0.423572	0.37531	0.970921	0.923782	0.923795	0.256787	0.951097	0.286638	0.706585	0.981301	0.661139	0.214267	0.120246	0.778389	0.824826	0.773103	0.704351	
0.975674	0.684559	0.744665	0.637469	0.910417	0.592289	0.422623	1.11317	0.803575	0.755862	0.995678	0.80158	0.839798	1.06127	0.660784	0.300062	0.301312	0.364449	0.524327	0.710651	0.982987	0.764242	0.150727	0.743998	0.753396	0.238982	0.284812	0.223001	0.857456	0.851441	1.05037	0.435789	0.24684	0.949687	1.21131	1.03723	0.413446	0.710373	0.766302	0.751219	
1.21651	0.829663	0.421788	0.733229	0.392717	0.868629	0.482726	0.723445	0.483021	0.48394	0.718788	0.74507	0.285576	0.765197	0.566914	0.586143	0.766861	0.515961	0.558975	0.892802	0.592342	0.379322	0.767207	0.77841	0.704765	0.920154	0.906991	0.84182	0.600543	0.19822	0.498747	0.76563	0.937728	1.17094	0.685625	0.641893	0.853737	0.181159	0.113526	1.07266	
