10	40
32.7204	146.913
35.9354	155.838
80.1086	131.566
90.7064	111.098
142.283	29.1853
108.9	17.9538
97.3728	150.739
71.0636	74.1834
171.823	54.2786
30.1529	133.599
8.32294
1.73937
9.21675
8.75342
8.5668
0.202426
6.48676
17.8334
1.63331
7.02118
8.86034
12.1871
8.8675
6.25538
14.1857
11.3005
1.97662
1.81168
7.50281
0.446033
17.2285
8.81798
16.7151
16.1052
0.0639009
6.03189
6.91254
4.63234
14.8082
4.76305
4.93431
17.6719
12.8339
9.24147
4.90394
12.9496
11.1522
0.598692
14.9065
6.67616
0.583599	0.497147	0.689168	0.488021	1.07581	0.727052	0.739902	0.41627	1.11424	0.801824	0.541705	0.150787	0.51096	0.398519	1.06408	0.855799	0.518557	0.0712969	0.830602	0.740145	0.722569	0.663236	0.353883	0.627346	0.188639	0.545476	0.533639	0.669309	0.591426	0.992936	0.816484	0.803331	0.273507	0.85206	0.50453	0.410187	0.504145	0.2924	0.78177	0.910394	
0.828296	0.615922	0.722292	0.67937	0.0418369	0.7762	0.376328	0.686384	0.0218721	0.834015	0.622314	1.02867	0.711807	0.866701	0.0624871	0.567631	0.917442	1.11323	0.653858	0.40307	0.413171	0.516304	0.822369	0.868225	0.907476	0.663802	0.823857	0.778584	0.648431	0.190471	0.363984	0.470564	1.05402	0.581147	0.863029	0.753332	0.633958	0.902553	0.740025	0.2178	
0.344341	0.340333	0.26862	0.449645	0.459759	0.33682	0.13553	0.352431	0.504846	0.820583	0.142324	0.576324	0.516007	0.613732	0.48867	0.648461	0.426394	0.716717	0.698678	0.0913443	0.352384	0.0232379	0.529877	0.748625	0.503033	0.171801	0.653087	0.696461	0.510942	0.338048	0.429009	0.14092	0.574875	0.656389	0.370652	0.282004	0.174643	0.431878	0.735196	0.40121	
0.176819	0.36203	0.21304	0.458026	0.691406	0.270945	0.350932	0.317848	0.736086	0.87257	0.106037	0.368497	0.52617	0.563696	0.713908	0.765189	0.21848	0.546204	0.792967	0.320669	0.49441	0.210828	0.469199	0.75678	0.349915	0.0621875	0.647824	0.732284	0.557065	0.570633	0.590215	0.324403	0.345467	0.769647	0.159346	0.0923267	0.12299	0.214508	0.802354	0.604771	
0.269883	0.496459	0.394571	0.555648	0.941141	0.417405	0.595155	0.41988	0.985103	0.958509	0.34944	0.177401	0.611414	0.57902	0.956641	0.917794	0.191607	0.396453	0.924095	0.571494	0.688507	0.465045	0.492904	0.808523	0.285613	0.317209	0.698413	0.814165	0.669984	0.824786	0.789256	0.575172	0.0935648	0.918987	0.18867	0.22154	0.339843	0.0978362	0.907962	0.832573	
0.918259	0.428764	0.952473	0.319465	0.934683	1.01724	0.725784	0.437232	0.954884	0.261353	0.706747	0.648477	0.255223	0.194748	0.877743	0.441361	0.911716	0.514357	0.372252	0.765115	0.532691	0.770424	0.286707	0.0895283	0.489298	0.756992	0.118351	0.180341	0.290901	0.932072	0.569554	0.90605	0.774536	0.430617	0.866499	0.668655	0.658211	0.682036	0.285308	0.71553	
0.648145	0.132781	0.665647	0.0260382	0.696146	0.732739	0.438991	0.155846	0.724859	0.405612	0.416556	0.490389	0.0539952	0.164268	0.657319	0.382663	0.660226	0.463192	0.370728	0.473814	0.29169	0.474399	0.130324	0.285903	0.317304	0.470879	0.181851	0.262108	0.118063	0.665214	0.366604	0.610827	0.591108	0.38025	0.608303	0.40321	0.369705	0.46162	0.348697	0.49156	
0.614194	0.366551	0.693483	0.333798	0.965815	0.744351	0.649061	0.296535	1.0009	0.632566	0.495539	0.253245	0.347169	0.228563	0.943189	0.691512	0.574824	0.145302	0.662473	0.661033	0.586961	0.605943	0.189937	0.459581	0.134201	0.518675	0.363743	0.499248	0.429343	0.900951	0.674715	0.752931	0.384344	0.687051	0.54412	0.38981	0.449449	0.329844	0.611808	0.782756	
0.882183	0.616857	0.783195	0.668034	0.124078	0.840293	0.414344	0.692794	0.0971369	0.781023	0.661299	1.05092	0.692813	0.850817	0.0522583	0.511419	0.967122	1.11953	0.598814	0.449395	0.400414	0.563944	0.815071	0.830201	0.919534	0.707761	0.795613	0.737831	0.623356	0.266486	0.33333	0.535461	1.08609	0.525052	0.911106	0.786255	0.667126	0.93268	0.688885	0.200919	
0.960865	0.440097	0.932796	0.387448	0.613401	1.00328	0.566736	0.514665	0.617737	0.244505	0.697881	0.882114	0.35157	0.482242	0.534739	0.0308764	1.00014	0.839612	0.0629407	0.621667	0.324867	0.689968	0.508286	0.34218	0.709568	0.760523	0.365404	0.248799	0.27426	0.670141	0.275821	0.776557	0.976977	0.0197656	0.942717	0.744584	0.665555	0.837399	0.15947	0.40563	
