15	30
158.885	77.2288
31.0843	60.1624
41.1733	21.9223
123.698	98.2071
28.6905	143.159
79.9202	90.5614
146.29	138.331
5.52237	144.616
144.2	83.2605
130.998	112.365
96.1329	16.2457
39.4724	31.0852
175.59	94.4759
84.1115	103.885
46.0033	28.3533
13.2396
31.0434
32.679
32.6379
37.4071
1.70015
2.51264
37.563
20.062
38.7048
1.12879
33.1541
31.5476
2.2117
1.96354
16.2556
12.1316
24.8629
1.39669
30.4973
30.0573
5.86127
10.0978
6.5427
24.3942
29.399
28.395
29.3269
25.1088
30.0475
0.50299	0.711958	0.519089	0.152662	0.0577586	0.312399	0.463534	0.257117	0.591931	0.322209	0.109226	0.564691	0.603449	0.362664	0.52135	0.355644	0.143823	0.554885	0.693185	0.682618	0.774452	0.260231	0.538092	0.375527	0.540687	0.745683	0.793345	0.464566	0.704423	0.304421	
0.221861	0.494986	0.630299	0.373296	0.242696	0.329677	0.571476	0.204443	0.442454	0.0971478	0.348243	0.378155	0.319627	0.120056	0.642947	0.337048	0.330021	0.283903	0.551516	0.437577	0.494131	0.213317	0.352154	0.589128	0.252445	0.629888	0.512514	0.616101	0.476352	0.157361	
0.465366	0.219269	0.516855	0.843199	0.692406	0.404101	0.494686	0.442701	0.118233	0.648939	0.654411	0.197282	0.482094	0.651842	0.540689	0.896608	0.597984	0.414049	0.0155889	0.309702	0.502507	0.769129	0.217724	0.690731	0.579315	0.0787191	0.51476	0.586297	0.25366	0.424088	
0.385848	0.423655	0.334338	0.503738	0.358887	0.0590769	0.28052	0.12496	0.260552	0.416407	0.303681	0.2694	0.468537	0.438985	0.351984	0.615979	0.247431	0.391199	0.349835	0.436946	0.59601	0.48672	0.249215	0.394085	0.488049	0.394091	0.61457	0.350788	0.430684	0.166937	
0.563629	0.572272	0.162514	0.534635	0.418361	0.141935	0.104729	0.264663	0.38879	0.558629	0.29493	0.425838	0.647253	0.587721	0.17704	0.714708	0.245052	0.569696	0.447311	0.602274	0.770779	0.592864	0.410739	0.248579	0.662519	0.456891	0.789035	0.173164	0.586123	0.331245	
0.380517	0.366977	0.348411	0.571398	0.424433	0.125077	0.301243	0.180413	0.194309	0.453156	0.373866	0.216712	0.452567	0.47089	0.368838	0.668676	0.317479	0.372822	0.279858	0.392273	0.563649	0.538665	0.200763	0.445589	0.490563	0.324625	0.581581	0.381826	0.378049	0.198707	
0.0263106	0.316147	0.739686	0.620247	0.487449	0.447864	0.686897	0.350099	0.362482	0.277787	0.56786	0.273149	0.0745199	0.255614	0.758056	0.531291	0.534801	0.0593137	0.453644	0.228517	0.246981	0.431214	0.259351	0.769898	0.111986	0.545894	0.265482	0.754793	0.285508	0.27163	
0.557878	0.854101	0.819642	0.201243	0.261859	0.579338	0.763063	0.480432	0.790068	0.301313	0.410132	0.734168	0.640434	0.32643	0.822721	0.090851	0.443544	0.627998	0.899003	0.791761	0.812227	0.148835	0.707514	0.668072	0.529542	0.9695	0.828515	0.76629	0.834363	0.482441	
0.430015	0.467776	0.292804	0.492436	0.35373	0.027451	0.237222	0.14402	0.298606	0.441796	0.278012	0.314486	0.514621	0.467289	0.30929	0.62639	0.220991	0.437833	0.380986	0.483999	0.643673	0.498798	0.295238	0.34731	0.529504	0.416632	0.662248	0.30427	0.476146	0.20115	
0.281061	0.485989	0.517653	0.355005	0.204479	0.219435	0.458691	0.0952522	0.391487	0.203469	0.260691	0.346491	0.381582	0.232021	0.529995	0.403252	0.23108	0.325694	0.499478	0.450642	0.547408	0.273185	0.31933	0.482665	0.344307	0.56789	0.566514	0.503219	0.47547	0.0827926	
0.814339	0.85748	0.228113	0.558939	0.512866	0.396431	0.227191	0.49009	0.673651	0.739501	0.352281	0.709652	0.906588	0.776184	0.20828	0.813447	0.344525	0.833175	0.725132	0.883928	1.04426	0.716713	0.69314	0.0835912	0.898399	0.720489	1.06297	0.137998	0.870669	0.567884	
0.578526	0.49514	0.195644	0.681391	0.552251	0.230415	0.17671	0.34622	0.306549	0.640184	0.447642	0.372289	0.644478	0.662072	0.219446	0.831861	0.393927	0.564299	0.330367	0.549799	0.736478	0.704325	0.366954	0.389842	0.690025	0.316804	0.753123	0.267878	0.51768	0.388616	
0.30862	0.517362	0.515974	0.323863	0.172934	0.224559	0.456677	0.10631	0.419156	0.204414	0.234586	0.376748	0.409394	0.236809	0.527058	0.385197	0.209415	0.355575	0.526491	0.482316	0.576805	0.255591	0.34961	0.466268	0.365733	0.592754	0.595863	0.495857	0.507098	0.112056	
0.475752	0.784666	0.83223	0.27345	0.280089	0.566762	0.773802	0.454763	0.739851	0.222051	0.439998	0.675917	0.551804	0.239354	0.838201	0.0389389	0.462025	0.547324	0.849073	0.715068	0.720467	0.0929151	0.650115	0.707307	0.435502	0.925367	0.736109	0.789051	0.762035	0.440337	
0.393331	0.207373	0.482402	0.7572	0.605942	0.327687	0.451611	0.35652	0.0361098	0.563614	0.574542	0.125756	0.423028	0.568111	0.50585	0.809421	0.518757	0.349387	0.0819645	0.276545	0.470914	0.68163	0.140421	0.632687	0.509441	0.156951	0.485462	0.541825	0.233573	0.336181	
