10	20
32.5471	39.5995
54.3913	45.2664
44.0521	130.946
32.153	33.2144
99.7892	87.0896
16.6657	11.6664
34.0112	112.971
115.695	124.46
175.063	108.459
106.598	123.187
22.6068
19.9434
28.8059
16.9562
28.2808
1.44447
4.88906
31.0934
15.3619
34.7547
4.8627
38.4078
31.7583
11.7951
24.2726
29.2396
5.63945
2.44682
22.315
33.5561
0.526417	0.258936	0.579564	0.36211	0.291048	0.183836	0.444053	0.491587	0.415365	0.577594	0.331414	0.239922	0.470451	0.346568	0.340805	0.352018	0.344408	0.243644	0.458738	0.28225	
0.550868	0.198477	0.658707	0.560677	0.503439	0.0350704	0.65116	0.494587	0.214817	0.596669	0.427985	0.326923	0.258035	0.357106	0.272497	0.378954	0.508584	0.136049	0.636119	0.299125	
0.0868648	0.813897	0.136242	0.553823	0.667145	0.646263	0.650011	0.152689	0.80533	0.0544255	0.287656	0.363562	0.760233	0.28018	0.897439	0.951282	0.411219	0.764063	0.471614	0.875978	
0.706559	0.0781798	0.777686	0.539772	0.427937	0.184006	0.601935	0.661701	0.320115	0.756436	0.529894	0.432685	0.417243	0.51526	0.143851	0.17021	0.544653	0.116816	0.651581	0.0902229	
0.706833	0.241374	0.835209	0.757972	0.687933	0.219603	0.844529	0.642889	0.0149226	0.747109	0.617946	0.519485	0.122579	0.522505	0.258532	0.417091	0.708229	0.19262	0.836052	0.354633	
0.594133	0.519981	0.758556	0.855315	0.839657	0.401174	0.959684	0.524331	0.30726	0.61743	0.613066	0.542817	0.191334	0.466811	0.559007	0.707856	0.75754	0.456545	0.888062	0.635626	
0.958982	0.297365	1.0062	0.673196	0.523541	0.455137	0.695228	0.920591	0.529207	1.00997	0.760246	0.672858	0.644011	0.773921	0.26486	0.108321	0.728525	0.362995	0.806231	0.185965	
0.410799	0.621627	0.343767	0.111077	0.246966	0.520752	0.211416	0.428754	0.751954	0.452472	0.209329	0.252786	0.774531	0.361028	0.701712	0.67935	0.0404806	0.604694	0.0989885	0.625068	
0.822784	0.100073	0.90001	0.653987	0.530629	0.274879	0.707692	0.774626	0.320511	0.871895	0.652665	0.5544	0.434766	0.629444	0.0595688	0.104414	0.66698	0.164986	0.770704	0.0688801	
0.102182	0.823056	0.204564	0.610301	0.715896	0.651258	0.709419	0.144004	0.793301	0.0512411	0.32876	0.391815	0.738967	0.28835	0.90506	0.969844	0.466326	0.769668	0.534894	0.892679	
