15	20
139.341	72.2818
158.296	98.6264
168.708	47.2887
145.694	137.242
3.26542	98.8455
110.101	22.022
86.0018	49.1844
140.646	118.547
64.2001	139.068
137.517	145.844
42.3553	152.064
142.745	54.1844
19.5843	44.9994
87.5361	18.7457
51.5763	127.289
8.28326
23.343
9.14292
21.8473
60.5821
34.0172
12.6322
14.32
48.6346
59.0509
27.7928
32.8869
69.9886
49.5032
23.7676
1.42291
52.682
5.57627
74.3268
33.3151
0.312375	0.382966	0.332909	0.438479	0.234954	0.293315	0.520128	0.66963	0.262912	0.589966	0.390362	0.6392	0.60783	0.0379194	0.163939	0.385988	0.375145	0.349287	0.134532	0.221783	
0.496065	0.356217	0.094157	0.306294	0.192713	0.502719	0.285053	0.623839	0.472743	0.611579	0.598558	0.400514	0.628115	0.273146	0.269005	0.310125	0.337461	0.515667	0.226545	0.423246	
0.210409	0.54788	0.652867	0.6767	0.535135	0.136173	0.843447	0.895926	0.266893	0.764251	0.311416	0.958545	0.78063	0.296638	0.414966	0.668401	0.553224	0.397663	0.368344	0.287654	
0.172307	0.196235	0.44968	0.347754	0.484367	0.227866	0.637476	0.937586	0.477587	0.86622	0.587041	0.720748	0.884084	0.292822	0.440042	0.637303	0.205139	0.595586	0.166649	0.45553	
1.04043	1.05021	0.704606	0.996908	0.531588	0.999665	0.689462	0.0757883	0.694652	0.20918	0.722085	0.79431	0.198474	0.73572	0.579489	0.38972	1.03313	0.583097	0.846399	0.667276	
0.563653	0.787725	0.678869	0.849613	0.449385	0.495457	0.823626	0.601768	0.160049	0.434097	0.0867341	0.957839	0.446983	0.377849	0.330567	0.500837	0.78269	0.0898458	0.541486	0.19136	
0.223741	0.144715	0.421987	0.297768	0.482796	0.279283	0.605076	0.93942	0.511935	0.877682	0.62559	0.682167	0.895512	0.313714	0.452688	0.633639	0.153397	0.62491	0.166999	0.486081	
0.746797	0.754584	0.437596	0.71785	0.232672	0.711854	0.48503	0.229103	0.444428	0.207661	0.511173	0.613384	0.222315	0.439745	0.284739	0.11424	0.738481	0.368006	0.545241	0.405563	
0.835093	0.671416	0.283821	0.556713	0.336818	0.832042	0.173779	0.456073	0.695564	0.547385	0.799659	0.272359	0.557413	0.566868	0.470028	0.26754	0.650172	0.672479	0.569399	0.645349	
0.94885	0.765058	0.384854	0.635563	0.452463	0.947694	0.228597	0.492538	0.809095	0.613454	0.909961	0.271942	0.620884	0.683814	0.585069	0.368182	0.743401	0.77919	0.681316	0.759328	
0.776412	0.51751	0.211871	0.366022	0.425341	0.795524	0.0738336	0.693367	0.766977	0.758133	0.888352	0.0951884	0.770803	0.578899	0.54551	0.44226	0.495732	0.785781	0.51035	0.715966	
0.0564886	0.420694	0.611043	0.569545	0.555586	0.0340823	0.805518	0.9677	0.382869	0.857228	0.456099	0.906679	0.87452	0.309693	0.45987	0.7039	0.430178	0.516535	0.302189	0.385754	
0.3528	0.525769	0.461123	0.591842	0.285433	0.302164	0.634352	0.637713	0.10949	0.521197	0.237225	0.761788	0.538512	0.116826	0.155653	0.407167	0.520421	0.209877	0.279197	0.071588	
0.807256	0.538368	0.24749	0.381238	0.461473	0.828012	0.100567	0.717707	0.803548	0.788058	0.924948	0.0629897	0.800379	0.614607	0.582073	0.474363	0.516744	0.822076	0.542676	0.752547	
0.862197	0.807093	0.441314	0.736007	0.316836	0.83657	0.419941	0.199769	0.598254	0.298808	0.67138	0.531456	0.306172	0.557516	0.412372	0.163894	0.788389	0.528778	0.631241	0.556027	
