10	20
44.0291	154.366
13.4463	109.57
149.063	82.5329
137.741	44.4136
62.6032	107.55
81.3395	115.209
159.001	78.4003
130.032	38.3277
26.5365	123.702
146.981	126.595
2.78057
9.07397
3.51301
10.9923
30.0301
19.7541
19.5058
14.461
14.2161
26.3402
33.0677
30.9788
14.0764
8.10804
24.9125
19.4043
1.9163
23.7043
1.66954
18.3839
0.522503	0.430144	0.112066	0.289115	0.19497	0.731752	0.873143	0.471744	0.827002	0.901691	0.624448	0.574036	0.940877	0.500208	0.967222	0.241218	1.02772	0.650879	0.77809	0.535759	
0.522297	0.409292	0.113385	0.316073	0.146355	0.633218	0.828107	0.323737	0.71757	0.772788	0.448178	0.57725	0.788711	0.322568	0.79269	0.357435	0.86557	0.470703	0.598421	0.392246	
0.547991	0.490713	0.284997	0.338643	0.379398	0.837186	0.917931	0.634213	0.939174	1.03124	0.824091	0.589558	1.09407	0.69963	1.14677	0.196593	1.19112	0.840856	0.966531	0.691442	
0.805425	0.690364	0.505822	0.663724	0.411095	0.723491	0.999729	0.397819	0.762383	0.749635	0.0653127	0.856223	0.676123	0.0829831	0.555223	0.745403	0.695117	0.248364	0.341442	0.438852	
0.459914	0.461419	0.73189	0.606996	0.88294	0.108188	0.284561	0.441192	0.0453368	0.165741	0.786704	0.457464	0.335055	0.739353	0.570334	0.764328	0.461021	0.584006	0.592384	0.378373	
0.483653	0.419682	0.21941	0.266813	0.346373	0.76296	0.852143	0.561134	0.864624	0.956023	0.769717	0.527856	1.01931	0.644211	1.076	0.138645	1.11725	0.774696	0.899292	0.61737	
0.585205	0.486671	0.146225	0.35346	0.126303	0.767074	0.927149	0.481574	0.858321	0.924167	0.581557	0.637948	0.949833	0.460563	0.956205	0.316327	1.02927	0.63095	0.758948	0.548681	
0.42255	0.31134	0.0663658	0.215954	0.23537	0.56581	0.739314	0.294695	0.65708	0.726081	0.513846	0.477432	0.763313	0.388732	0.799753	0.27872	0.852043	0.496734	0.620826	0.358035	
0.785069	0.668558	0.382383	0.590575	0.211664	0.815079	1.05479	0.468995	0.878557	0.89747	0.303291	0.839752	0.859453	0.223102	0.777981	0.622533	0.900395	0.448615	0.562723	0.531483	
0.415984	0.316236	0.0401428	0.187377	0.248293	0.612716	0.757536	0.369799	0.708847	0.787013	0.59057	0.469359	0.83496	0.464776	0.880687	0.205773	0.927753	0.579674	0.703631	0.429847	
