10	20
151.304	64.8079
97.7805	156.475
175.574	49.9865
131.07	100.554
54.1265	113.553
140.088	53.4365
121.766	138.989
101.008	11.0785
91.1923	142.977
103.413	112.606
1.31086
14.4724
25.9397
36.0883
6.92282
47.0812
11.6368
49.361
38.9107
36.4522
46.9449
11.7259
1.85715
4.56055
18.3743
25.4526
23.8305
12.9241
8.81453
49.5709
0.387309	0.494293	0.497208	0.327132	0.657503	0.90254	0.147993	0.45846	0.356093	0.244768	0.287976	0.341042	0.190173	0.224229	0.349053	0.352452	0.69801	0.333277	0.831417	0.145356	
0.082297	0.694096	0.675539	0.711867	0.745124	1.18191	0.349525	0.845604	0.55699	0.173884	0.644566	0.516232	0.369938	0.48166	0.703884	0.728918	0.929481	0.494774	1.10859	0.243447	
0.840193	0.167629	0.148801	0.750416	0.0911919	0.507736	0.519323	0.790644	0.285318	0.770955	0.504947	0.302516	0.826116	0.418271	0.498731	0.585939	0.23769	0.315248	0.445915	0.65742	
0.323259	0.469356	0.464526	0.424095	0.602721	0.917306	0.0800071	0.551385	0.324178	0.19774	0.339355	0.297692	0.235934	0.20751	0.399664	0.421935	0.690653	0.284042	0.844585	0.0733824	
0.769931	0.375958	0.339531	0.906836	0.178062	0.770626	0.557264	0.977423	0.406893	0.747722	0.673402	0.391901	0.862145	0.516056	0.688147	0.771984	0.505886	0.388152	0.712107	0.661773	
0.836736	0.39223	0.426314	0.292185	0.619936	0.516038	0.47507	0.265304	0.384874	0.700179	0.175636	0.421421	0.612859	0.362452	0.11689	0.119877	0.430799	0.439467	0.457293	0.584967	
0.669323	0.426056	0.449846	0.15685	0.647376	0.687762	0.337645	0.226269	0.351281	0.527504	0.0887606	0.371674	0.425889	0.266129	0.113885	0.0712403	0.549121	0.38182	0.623271	0.420838	
0.261003	0.703668	0.701203	0.470936	0.839728	1.12571	0.318251	0.607525	0.559837	0.138981	0.505575	0.535595	0.0714241	0.434936	0.56553	0.554114	0.917004	0.52237	1.05459	0.189398	
0.10736	0.825801	0.813381	0.702971	0.909226	1.29151	0.44385	0.839978	0.681596	0.177579	0.701895	0.646227	0.306337	0.57983	0.763181	0.76692	1.05618	0.627265	1.21857	0.30198	
0.466832	0.283231	0.273304	0.481605	0.409318	0.761129	0.115639	0.581106	0.13912	0.37354	0.293222	0.104807	0.426707	0.0916865	0.338581	0.398295	0.514357	0.0890144	0.6878	0.254756	
