15	20
22.1293	140.441
125.235	23.0786
120.187	83.7721
30.1583	128.498
170.436	152.188
128.655	100.221
17.1018	131.091
50.4961	69.7055
27.9312	115.961
43.1172	81.1202
107.286	21.5808
158.989	131.553
155.257	60.2647
18.4339	133.56
47.3774	111.191
48.2762
30.3792
64.8302
1.52051
37.1207
49.3807
8.40416
26.9646
39.5829
62.2252
29.7702
75.7298
27.7838
44.7664
30.6635
42.7989
8.31564
71.5473
10.9437
31.1094
0.94276	0.730365	0.991989	0.338679	0.387656	0.714499	0.970601	0.955279	0.465045	0.175196	0.320139	0.774166	0.99727	0.375371	0.426302	0.0774177	0.660754	0.481229	0.422452	0.149553	
0.909249	0.892181	1.03204	0.568552	0.175823	0.775986	0.928025	0.889878	0.403902	0.154575	0.233615	0.916099	1.06529	0.580116	0.527285	0.323175	0.777262	0.691606	0.577473	0.113264	
0.172934	0.704893	0.412352	0.818758	0.61299	0.350246	0.186209	0.160883	0.342516	0.651054	0.513752	0.649199	0.508925	0.735279	0.48071	0.802939	0.514608	0.790958	0.598441	0.714283	
0.0623508	0.666342	0.237431	0.892148	0.804899	0.32161	0.0999062	0.183061	0.516232	0.811569	0.686783	0.591982	0.351238	0.798667	0.559435	0.930457	0.49496	0.828474	0.656328	0.877178	
0.372541	0.835813	0.621924	0.838454	0.45734	0.508228	0.372002	0.304251	0.27089	0.560547	0.411594	0.796479	0.712585	0.771716	0.527629	0.754714	0.645858	0.850659	0.652773	0.615103	
0.947779	0.572798	0.931187	0.133662	0.566031	0.653015	0.981775	0.986347	0.54169	0.338519	0.448181	0.632939	0.911743	0.200792	0.370178	0.134687	0.551965	0.289284	0.305074	0.343828	
0.279511	0.48464	0.320887	0.640828	0.628936	0.135935	0.317644	0.349216	0.327298	0.586558	0.481705	0.432188	0.374406	0.54919	0.306049	0.682449	0.294088	0.588977	0.40725	0.652781	
0.650947	0.701745	0.771102	0.508636	0.203323	0.524287	0.672417	0.642829	0.146019	0.166249	0.0317026	0.706636	0.810795	0.474181	0.318267	0.364755	0.555388	0.578716	0.410211	0.226597	
0.405743	0.535935	0.496523	0.550622	0.457119	0.265077	0.435418	0.432688	0.159051	0.415054	0.305856	0.510465	0.542	0.47272	0.219971	0.536347	0.353394	0.542269	0.344351	0.481214	
0.557536	0.24004	0.466844	0.396231	0.675839	0.202167	0.597925	0.636205	0.426976	0.535148	0.501601	0.234064	0.441079	0.297829	0.16063	0.528513	0.091143	0.310244	0.165798	0.593095	
0.490156	0.227851	0.325514	0.54876	0.803509	0.137842	0.531939	0.590796	0.525321	0.686931	0.63306	0.161433	0.28042	0.450678	0.313999	0.693694	0.0827769	0.437142	0.328574	0.747723	
0.311008	0.584989	0.444155	0.647523	0.506872	0.263988	0.338341	0.332613	0.208002	0.499703	0.375692	0.545523	0.508839	0.566474	0.311712	0.634497	0.394595	0.629055	0.433037	0.565093	
0.530541	0.207629	0.320602	0.593222	0.884379	0.205611	0.571845	0.638577	0.606339	0.763393	0.71346	0.121835	0.247593	0.497205	0.38867	0.757895	0.141791	0.466709	0.38741	0.823134	
0.243279	0.745638	0.487131	0.817017	0.551052	0.399609	0.249603	0.200853	0.299633	0.60934	0.466434	0.696449	0.580778	0.739075	0.485047	0.776822	0.554029	0.804035	0.60758	0.670397	
0.0123883	0.712292	0.30203	0.909643	0.772938	0.35937	0.0489352	0.119346	0.493666	0.796746	0.665547	0.641474	0.415313	0.818665	0.572349	0.929655	0.534517	0.856216	0.676785	0.861485	
