15	40
37.7849	110.83
70.6936	56.0944
24.7012	40.4935
40.0005	21.5212
33.0577	20.5693
5.18275	93.2334
85.9739	60.7325
78.718	76.6505
45.6529	35.0761
67.0087	125.55
8.15453	32.7238
49.8148	112.28
53.702	126.04
55.3648	86.6224
29.6126	21.0934
3.29846
8.07958
7.81236
0.059068
11.5307
10.3886
16.5291
8.27561
3.5954
4.55125
14.4773
1.45248
16.1435
8.48836
14.8535
2.11516
5.74511
4.97501
3.20943
15.278
5.78315
14.6081
9.02206
5.11465
2.01221
9.9202
11.1467
6.08759
5.73231
9.41488
6.49644
15.9194
10.3161
5.4804
8.25095
10.0917
12.6102
6.21778
8.22193
16.5324
0.192688	0.293123	0.725594	1.07106	0.760114	0.739592	0.210675	1.00664	0.343115	0.382508	0.911298	0.768762	1.01571	1.15894	0.7033	0.862583	0.443561	0.301411	0.859758	1.17806	0.933067	0.768974	0.620149	0.762042	0.392019	0.610818	0.585281	0.173663	0.231917	0.506824	1.08299	0.477681	0.764227	0.731183	0.857898	0.929808	0.293558	0.683666	0.791203	0.876913	
0.663768	0.579895	0.378014	0.273237	0.410782	0.316157	0.589135	0.516107	0.460671	0.682911	0.71713	0.548203	0.217956	0.390254	0.0955398	0.502423	0.503032	0.694788	0.423188	0.453049	0.152341	0.213458	0.200389	0.509762	0.529487	0.196202	0.681973	0.801756	0.653012	0.345447	0.423868	0.637429	0.391243	0.12838	0.209377	0.703112	0.507465	0.676626	0.645496	0.336235	
0.145798	0.0775278	0.56673	0.783914	0.60989	0.431624	0.117362	0.843041	0.157003	0.440498	0.849469	0.673047	0.735317	0.899882	0.423709	0.570282	0.364836	0.388177	0.696916	0.939193	0.664112	0.54621	0.324831	0.651634	0.125798	0.322418	0.593248	0.390516	0.293914	0.19884	0.865536	0.48533	0.461833	0.480249	0.624411	0.857249	0.134012	0.664529	0.73145	0.568467	
0.744854	0.678018	0.246401	0.319793	0.265353	0.496287	0.647738	0.332684	0.504275	0.643318	0.5559	0.404108	0.248108	0.319257	0.224092	0.685794	0.467139	0.67615	0.25062	0.335065	0.147327	0.0879856	0.335895	0.365823	0.64966	0.316915	0.589266	0.809942	0.659914	0.472026	0.265282	0.573766	0.572458	0.127842	0.0260997	0.537828	0.554687	0.559394	0.50174	0.517735	
0.771262	0.745857	0.119591	0.645074	0.0777247	0.755688	0.650276	0.22566	0.517747	0.467901	0.231388	0.0773457	0.57447	0.572534	0.471938	0.958176	0.351486	0.53303	0.111383	0.519532	0.477813	0.273466	0.543344	0.0471434	0.762303	0.513334	0.325223	0.69419	0.566842	0.629052	0.387896	0.368007	0.831752	0.366161	0.316102	0.221164	0.55921	0.257107	0.170703	0.81481	
0.30662	0.349797	0.486594	0.912771	0.516864	0.6866	0.201148	0.761971	0.208473	0.148041	0.657153	0.514531	0.849279	0.963846	0.554393	0.85483	0.197284	0.0838622	0.617735	0.965956	0.755799	0.56056	0.505809	0.509583	0.429333	0.485411	0.339513	0.165445	0.0233005	0.445657	0.859385	0.228035	0.734574	0.547906	0.652175	0.675013	0.186443	0.433358	0.536638	0.8134	
0.745693	0.642466	0.722653	0.385213	0.758466	0.187413	0.72659	0.857217	0.649486	0.942193	1.06652	0.893164	0.399288	0.598325	0.373354	0.212349	0.77703	0.928872	0.773722	0.702331	0.428852	0.563645	0.36059	0.855276	0.552011	0.387531	0.991586	0.989953	0.858995	0.423679	0.724744	0.924475	0.191316	0.469788	0.552837	1.05343	0.680078	1.00449	0.988939	0.0499452	
0.143326	0.246332	0.766865	1.06556	0.804256	0.701364	0.214841	1.04994	0.359637	0.459835	0.977633	0.826279	1.01442	1.16941	0.701078	0.807336	0.49604	0.379872	0.901834	1.19745	0.937778	0.791413	0.60768	0.8161	0.340579	0.602865	0.65984	0.264405	0.298854	0.481132	1.11	0.549517	0.717734	0.742563	0.877407	0.994162	0.309415	0.755235	0.85663	0.839079	
0.525054	0.43069	0.472597	0.412574	0.513879	0.164297	0.474705	0.669275	0.374325	0.656416	0.820283	0.638304	0.375172	0.564879	0.12632	0.367118	0.490507	0.646878	0.55454	0.633348	0.330208	0.341249	0.0746525	0.602434	0.365107	0.10096	0.708912	0.722007	0.583273	0.187115	0.601294	0.638285	0.240603	0.238608	0.371821	0.812488	0.411494	0.729577	0.729561	0.249271	
0.702809	0.684001	0.115377	0.679067	0.0986028	0.736321	0.580679	0.305833	0.453488	0.387412	0.254125	0.0684839	0.607495	0.628456	0.461291	0.939521	0.275489	0.452582	0.179885	0.585321	0.507237	0.286177	0.517602	0.0449918	0.707905	0.486716	0.2537	0.613994	0.48853	0.587533	0.456579	0.288116	0.810743	0.364897	0.347889	0.254563	0.49212	0.201489	0.156854	0.807832	
0.728226	0.63295	0.533333	0.225617	0.565062	0.250884	0.675165	0.647305	0.56443	0.818966	0.869482	0.703196	0.211088	0.415417	0.214905	0.395644	0.642105	0.821938	0.56993	0.508321	0.220021	0.366547	0.265767	0.664661	0.56223	0.279613	0.833327	0.912881	0.768809	0.389563	0.517555	0.782246	0.311194	0.283595	0.344878	0.854086	0.605906	0.831531	0.800709	0.210589	
0.416132	0.410512	0.292429	0.741962	0.325572	0.602134	0.29321	0.572057	0.182748	0.200591	0.515185	0.348153	0.674991	0.774355	0.404186	0.793383	0.0294005	0.220535	0.425616	0.771342	0.577241	0.369679	0.390195	0.334565	0.45447	0.362795	0.26788	0.359897	0.215286	0.387803	0.663338	0.177406	0.66446	0.372026	0.461189	0.526118	0.210777	0.327248	0.395267	0.711885	
0.660488	0.589959	0.258826	0.338483	0.290373	0.416029	0.568388	0.410244	0.427693	0.601669	0.596559	0.428369	0.269992	0.388274	0.134751	0.611446	0.421422	0.624998	0.305676	0.419717	0.171933	0.0930116	0.244372	0.389822	0.558579	0.224944	0.576711	0.748613	0.597942	0.380152	0.357109	0.543968	0.49299	0.039836	0.115661	0.582829	0.477685	0.563089	0.525969	0.453527	
1.06773	0.994166	0.517285	0.281179	0.511405	0.714412	0.974889	0.386039	0.832333	0.952169	0.705751	0.621967	0.260864	0.0666639	0.511344	0.861765	0.783683	0.993841	0.43405	0.0522012	0.275875	0.40878	0.624981	0.591185	0.953361	0.614982	0.859815	1.13438	0.985355	0.769787	0.17045	0.87042	0.779893	0.447248	0.317587	0.676204	0.882681	0.802236	0.705036	0.673446	
0.729142	0.719306	0.184464	0.746277	0.163581	0.799716	0.606154	0.334493	0.48813	0.373362	0.205131	0.0491759	0.674823	0.687552	0.528005	1.00275	0.293558	0.445621	0.228997	0.637403	0.575077	0.355244	0.579483	0.0713579	0.750795	0.548438	0.210438	0.608508	0.49455	0.641016	0.505904	0.269651	0.873374	0.433453	0.414885	0.21327	0.522414	0.139842	0.093664	0.874567	
