10	20
50.2321	135.771
171.21	78.6847
82.7389	110.917
115.233	16.2431
13.8029	13.3936
118.931	107.186
36.9205	133.551
85.9566	48.1482
24.6352	90.0562
148.17	15.8778
2.45681
21.3813
5.51463
0.285049
19.3226
11.3508
0.911893
22.0456
16.7879
9.59453
22.5445
1.52067
20.1269
25.7316
21.8739
1.61803
6.92357
22.8928
3.406
13.6535
0.543844	0.918732	0.0683965	0.332977	0.597314	1.0443	0.680301	0.623297	0.0913262	0.27684	0.0486467	0.617726	0.628581	0.695243	0.298262	0.623227	0.799051	1.02323	0.28642	0.566496	
0.649383	0.822356	0.133824	0.339136	0.600667	0.98541	0.708955	0.459065	0.173728	0.128634	0.155341	0.532152	0.555754	0.721291	0.167776	0.559487	0.750193	0.936714	0.213975	0.656014	
0.778759	0.908025	0.249442	0.473008	0.731297	1.09148	0.842494	0.472892	0.29535	0.219917	0.222583	0.631933	0.661878	0.854505	0.0361558	0.66996	0.863635	1.02746	0.337648	0.788444	
0.922427	0.210655	0.765897	0.606225	0.574987	0.477411	0.691009	0.35028	0.76127	0.578758	0.842582	0.279332	0.312452	0.686454	0.772775	0.344019	0.403159	0.329363	0.55296	0.873432	
0.622698	0.344794	0.506581	0.303454	0.305241	0.502284	0.437225	0.371287	0.490456	0.370461	0.593974	0.0442231	0.0774931	0.438192	0.60572	0.0993775	0.286327	0.451344	0.28939	0.578718	
0.560705	0.640485	0.216074	0.191742	0.425174	0.792561	0.545128	0.385051	0.213156	0.104692	0.297693	0.343631	0.363758	0.555342	0.336787	0.366302	0.556858	0.750561	0.0314201	0.548432	
0.970998	0.400223	0.703046	0.613344	0.662707	0.663979	0.791908	0.184732	0.710181	0.493375	0.76576	0.35483	0.402738	0.791091	0.645053	0.435969	0.553747	0.520253	0.513269	0.932364	
0.537394	0.875753	0.0247604	0.298625	0.565383	1.00468	0.653799	0.583636	0.0598297	0.236347	0.07105	0.575013	0.586808	0.668267	0.286049	0.582235	0.760158	0.980983	0.243028	0.554961	
0.379698	0.536183	0.407665	0.130391	0.144378	0.59647	0.264103	0.561364	0.372146	0.386742	0.499606	0.267515	0.242948	0.273502	0.614747	0.218756	0.349665	0.61319	0.252863	0.338848	
0.926849	0.444878	0.629756	0.560039	0.638696	0.700181	0.771243	0.108576	0.639296	0.417682	0.689654	0.339764	0.390177	0.772146	0.565151	0.42205	0.563434	0.568859	0.447912	0.892436	
