15	40
33.435	71.5994
59.0758	89.8675
39.5017	29.6464
61.3896	80.3189
52.3508	46.4076
36.7982	53.4592
51.2107	131.318
8.3231	40.5688
20.1362	36.7991
60.8486	120.772
48.8891	142.204
1.69899	42.61
46.1056	19.9221
3.17142	155.083
80.317	16.4478
11.88
12.3822
6.37963
9.17935
14.5234
13.1698
15.6585
6.17236
16.2328
10.8192
3.29276
9.54001
8.3974
15.2799
3.0547
9.53613
2.65589
4.98394
11.3699
5.22027
16.3984
2.80114
14.994
9.88256
17.9019
5.46887
6.87121
3.69326
4.73106
0.432013
1.09728
8.73766
1.92069
13.7207
14.1942
7.35071
7.079
5.27777
15.2552
11.4725
1.09368	0.753635	0.922877	0.237711	0.305133	0.416946	0.930983	0.240455	0.524005	0.882872	0.605684	0.348817	0.7162	0.87886	0.506466	0.674264	0.54258	0.226588	0.221307	0.768741	0.543689	0.782799	1.00203	0.976584	0.475164	0.205805	0.178915	1.00408	0.757201	0.749909	0.781559	0.703021	0.512441	0.84898	0.877804	0.954573	0.926349	0.192103	1.06189	0.748758	
0.654895	0.471445	0.631521	0.481349	0.233051	0.463529	0.55962	0.2914	0.320154	0.464756	0.167018	0.0993805	0.361426	0.616275	0.247475	0.370556	0.111112	0.229416	0.293674	0.503063	0.446594	0.347024	0.564201	0.541473	0.131553	0.265885	0.344534	0.57918	0.353187	0.421378	0.360231	0.34473	0.139093	0.514632	0.441154	0.561264	0.502421	0.59704	0.623101	0.317545	
0.913684	0.338224	1.06216	0.687556	0.554528	0.787159	0.96794	0.266596	0.160491	0.619993	0.511894	0.443721	0.786956	1.04833	0.224986	0.802608	0.443435	0.343799	0.542937	0.934857	0.0609968	0.607111	0.80397	0.853048	0.560592	0.3276	0.555339	0.922649	0.751828	0.382886	0.552004	0.770044	0.57105	0.939989	0.756231	0.952986	0.671289	0.675074	0.884259	0.560206	
0.759779	1.01312	0.150356	0.659451	0.530401	0.457214	0.328477	0.826003	0.910225	0.815986	0.583197	0.588132	0.293395	0.080701	0.834794	0.232649	0.620571	0.735571	0.602198	0.101439	1.03995	0.66492	0.75014	0.61645	0.462874	0.771638	0.642335	0.554924	0.402586	0.937505	0.744525	0.306296	0.457111	0.218892	0.58925	0.402262	0.817095	0.857419	0.740851	0.683152	
0.401581	0.390437	0.615398	0.738612	0.482243	0.682477	0.462077	0.517349	0.385366	0.213379	0.10398	0.363188	0.348924	0.630033	0.318957	0.415591	0.157257	0.47963	0.55406	0.539827	0.526634	0.0829913	0.303294	0.313212	0.304717	0.511245	0.607037	0.379531	0.257867	0.305832	0.114478	0.335166	0.271961	0.476588	0.213818	0.428565	0.243058	0.861909	0.369849	0.0566227	
0.89435	0.253695	1.13771	0.836545	0.683724	0.922793	1.01886	0.415408	0.206119	0.587711	0.563064	0.559316	0.858187	1.13229	0.282057	0.887876	0.505442	0.484795	0.682996	1.02253	0.098921	0.614076	0.784187	0.858257	0.656731	0.473703	0.700559	0.938411	0.80376	0.326741	0.543077	0.841468	0.659224	1.00773	0.769135	0.993007	0.637683	0.829405	0.867459	0.567913	
0.552918	0.64323	0.387562	0.557341	0.316613	0.439935	0.325234	0.524581	0.547606	0.489298	0.214311	0.283526	0.116258	0.379346	0.471189	0.138085	0.25083	0.446321	0.405537	0.272294	0.683352	0.334811	0.495033	0.410895	0.140262	0.485182	0.461206	0.410015	0.154498	0.570045	0.400209	0.100012	0.111207	0.268753	0.331696	0.343302	0.505331	0.725068	0.524244	0.338387	
1.04589	0.799335	0.80113	0.108542	0.209279	0.271889	0.831863	0.313314	0.579254	0.870243	0.568518	0.307197	0.619587	0.75236	0.543366	0.565362	0.517297	0.254977	0.121719	0.646297	0.629772	0.751044	0.963386	0.91769	0.401743	0.256498	0.0654289	0.932371	0.678442	0.7794	0.76596	0.608338	0.441414	0.740233	0.823627	0.864073	0.908785	0.200098	1.01467	0.723738	
0.268734	0.433382	0.631502	0.870307	0.612805	0.798786	0.445645	0.652498	0.490663	0.129929	0.237236	0.49974	0.398851	0.660515	0.4336	0.481132	0.295718	0.617771	0.688126	0.588362	0.62561	0.0554965	0.165811	0.210286	0.426576	0.648879	0.742008	0.296816	0.285092	0.343581	0.106078	0.38932	0.389948	0.493636	0.133679	0.392756	0.132144	0.999088	0.237633	0.0954421	
0.824451	0.75884	0.523698	0.2879	0.111447	0.182284	0.556905	0.422526	0.585753	0.713839	0.398838	0.222365	0.349595	0.478974	0.521519	0.287094	0.38067	0.330575	0.179301	0.369147	0.689546	0.569955	0.75848	0.684509	0.195858	0.362433	0.223981	0.682139	0.427407	0.709151	0.612358	0.340622	0.229727	0.461176	0.601034	0.59531	0.741323	0.470065	0.794981	0.557054	
0.730923	0.901571	0.239948	0.544258	0.396282	0.353168	0.342486	0.690737	0.784331	0.737234	0.474883	0.453979	0.218135	0.18836	0.709873	0.132732	0.503134	0.600222	0.470677	0.0890662	0.910917	0.582545	0.702102	0.582993	0.33358	0.636281	0.513336	0.540414	0.336082	0.830455	0.655534	0.22527	0.332535	0.22564	0.534959	0.405584	0.745736	0.740288	0.70772	0.59336	
0.694397	0.456382	0.679865	0.467442	0.232506	0.472328	0.610872	0.241285	0.285514	0.487546	0.206678	0.0896636	0.411791	0.662551	0.21724	0.417362	0.140528	0.184783	0.279196	0.548471	0.405084	0.380756	0.600371	0.585656	0.173855	0.219624	0.325658	0.62679	0.404059	0.415113	0.383984	0.395167	0.18718	0.564781	0.484592	0.612186	0.528225	0.568452	0.662539	0.347239	
0.696279	0.474567	0.664803	0.454328	0.215663	0.454358	0.600277	0.248537	0.304662	0.496711	0.207961	0.0733335	0.39882	0.646344	0.236451	0.40157	0.145898	0.185862	0.265901	0.531947	0.423352	0.385369	0.603995	0.584553	0.157022	0.222175	0.313876	0.6229	0.395754	0.431893	0.392663	0.382318	0.172722	0.551406	0.483975	0.603664	0.536318	0.56065	0.664447	0.353554	
0.701114	0.520105	0.62633	0.425141	0.176782	0.410467	0.573565	0.273939	0.353167	0.520387	0.216665	0.0463413	0.366713	0.604949	0.28484	0.361773	0.166831	0.199192	0.237919	0.489884	0.470386	0.398783	0.613541	0.582317	0.116354	0.237658	0.289738	0.613407	0.376202	0.474053	0.415815	0.350653	0.139516	0.517569	0.483556	0.582328	0.557197	0.545652	0.669462	0.371418	
0.597772	0.622001	0.437378	0.503622	0.257279	0.40192	0.38743	0.464954	0.507132	0.503813	0.203979	0.222227	0.175973	0.421994	0.431529	0.176173	0.222092	0.385047	0.345708	0.309815	0.639023	0.352963	0.531936	0.459739	0.0783126	0.42391	0.401717	0.466287	0.211897	0.554399	0.408058	0.160471	0.0555496	0.325765	0.374053	0.4056	0.525514	0.666467	0.568094	0.348192	
