10	30
20.3111	46.6217
128.877	89.0821
175.455	127.525
113.601	60.4491
90.742	53.3032
131.573	77.152
28.2366	53.4965
168.393	82.2559
102.662	103.593
131.642	130.344
3.52825
14.3761
19.73
14.97
1.01956
5.01439
19.8907
4.50829
9.07878
19.1847
0.688528
6.23141
2.52246
13.1084
4.14365
6.13736
12.1332
16.158
20.589
0.693033
21.8203
3.23278
5.25927
19.7795
0.519922
6.0487
2.76434
15.0841
0.843718
5.54904
0.6544	0.552944	0.570918	0.66735	0.614182	0.756783	0.530489	0.747531	0.401622	0.480235	0.158666	0.798223	0.807467	0.371961	0.382501	0.656333	0.480849	0.357116	0.37442	0.896366	0.637908	0.970262	0.177273	0.604264	0.803136	0.353293	0.536073	0.46771	0.770241	0.720459	
0.0545227	0.634218	0.0432267	0.162248	0.144819	0.208423	0.141803	0.418798	0.544267	0.489618	0.544038	0.221439	0.424917	0.377706	0.583368	0.0607457	0.526476	0.6737	0.455519	0.445517	0.292428	0.38134	0.635035	0.0109417	0.557941	0.50426	0.106041	0.330036	0.288368	0.291735	
0.34526	0.943503	0.312706	0.17457	0.194484	0.49241	0.465221	0.0964366	0.828952	0.367176	0.611457	0.466606	0.0925544	0.375071	0.517945	0.35795	0.401006	0.627733	0.414657	0.161269	0.0974001	0.547739	0.682257	0.344465	0.241067	0.778427	0.427093	0.275273	0.594458	0.0442534	
0.259609	0.85592	0.222951	0.0893148	0.104884	0.413014	0.37552	0.175808	0.74459	0.366285	0.566674	0.393352	0.181974	0.336295	0.506031	0.272389	0.403208	0.613635	0.390089	0.229775	0.0805162	0.493971	0.644388	0.255521	0.319043	0.695407	0.337385	0.241193	0.512356	0.0510272	
0.527552	1.04306	0.467393	0.363487	0.358055	0.686919	0.60781	0.127872	0.908811	0.249722	0.564804	0.669708	0.193237	0.347453	0.400448	0.540206	0.268938	0.505135	0.343009	0.303209	0.209627	0.762899	0.611964	0.511894	0.0892167	0.852488	0.571888	0.268874	0.782812	0.253752	
0.423795	0.431849	0.351441	0.474217	0.423829	0.5123	0.286055	0.625975	0.28284	0.459243	0.266802	0.556464	0.670994	0.305214	0.44162	0.423693	0.478803	0.477294	0.358518	0.739572	0.494833	0.729208	0.350027	0.375124	0.719978	0.224141	0.295708	0.365778	0.524033	0.558928	
0.581588	0.982898	0.49986	0.445389	0.418217	0.746063	0.612297	0.290577	0.836495	0.0978721	0.41868	0.743588	0.363267	0.24873	0.224373	0.593041	0.0972046	0.324053	0.206298	0.475603	0.295093	0.865506	0.449406	0.5513	0.2601	0.77782	0.582029	0.222611	0.828659	0.376061	
0.466527	0.194833	0.445759	0.594275	0.557564	0.461721	0.300638	0.814013	0.128247	0.717409	0.533163	0.521764	0.841067	0.560588	0.714944	0.45899	0.741471	0.749477	0.623994	0.881346	0.676051	0.679943	0.607493	0.435262	0.931973	0.129269	0.335982	0.596585	0.415728	0.711939	
0.490129	0.576223	0.400841	0.485974	0.432778	0.611512	0.391494	0.569563	0.421939	0.336067	0.119316	0.645427	0.626911	0.200902	0.290566	0.493913	0.347831	0.32139	0.228236	0.713385	0.455344	0.814091	0.210064	0.439995	0.637246	0.363455	0.387509	0.289993	0.643498	0.536778	
0.602009	1.00262	0.520757	0.464191	0.437971	0.766519	0.633641	0.300657	0.855709	0.114983	0.431533	0.763476	0.372733	0.268299	0.23053	0.61352	0.108642	0.326355	0.222724	0.484992	0.312528	0.88399	0.458631	0.572106	0.259656	0.79697	0.603339	0.243958	0.849557	0.391572	
