10	20
123.225	28.829
177.16	72.5187
124.987	131.911
164.772	95.9045
8.28165	99.1889
161.172	129.522
29.8018	65.8078
81.0001	117.338
10.1991	32.5633
12.2311	11.9254
0.00420297
14.7734
0.76957
31.386
1.61071
29.5958
5.34839
20.7415
10.2595
35.3997
8.82996
30.1953
23.5547
23.1395
24.692
34.8432
37.1206
8.06117
30.563
21.8663
0.964347	0.46089	0.308029	0.636045	0.925561	0.944273	0.974842	0.536631	0.635235	0.265963	0.0792354	0.906668	0.451142	0.37034	0.424921	0.493011	0.187353	0.428309	0.737116	0.460361	
0.864076	0.423166	0.218025	0.482913	0.769535	0.776563	0.853464	0.378935	0.516106	0.307194	0.149737	0.773872	0.550297	0.351128	0.389046	0.471899	0.187641	0.517869	0.568455	0.356371	
0.123102	0.459561	0.551756	0.373709	0.381888	0.827808	0.1384	0.454933	0.23652	0.681367	0.783528	0.167544	0.835372	1.07356	0.485462	0.477887	0.682989	0.79552	0.711361	0.967835	
0.755211	0.795508	0.672858	0.356694	0.314948	0.176801	0.63057	0.389328	0.542175	0.888335	0.833497	0.517537	1.14149	0.830643	0.789699	0.853096	0.798392	1.09942	0.173571	0.632496	
0.682174	0.436974	0.262083	0.216234	0.488601	0.532031	0.631497	0.110809	0.332774	0.472769	0.411179	0.533609	0.731639	0.53326	0.418554	0.498481	0.375221	0.691099	0.325888	0.408386	
0.546921	0.654592	0.581033	0.217602	0.130022	0.384997	0.423893	0.30008	0.368124	0.790933	0.782017	0.309907	1.02814	0.885328	0.656619	0.706675	0.72234	0.985093	0.312688	0.712795	
0.458743	0.603192	0.557187	0.195085	0.0948048	0.473187	0.337915	0.296161	0.304356	0.759246	0.77208	0.223133	0.985757	0.918067	0.609373	0.651457	0.702288	0.942655	0.388807	0.758181	
0.998489	0.851163	0.663071	0.511954	0.62155	0.270298	0.899994	0.466043	0.69721	0.85535	0.731178	0.78517	1.1144	0.570649	0.831705	0.912649	0.741114	1.07704	0.181315	0.359298	
0.691926	0.459217	0.284686	0.217035	0.481835	0.510013	0.63668	0.115494	0.345574	0.494779	0.428865	0.536516	0.753897	0.532937	0.441103	0.52073	0.395979	0.713456	0.303422	0.399987	
0.525637	0.195945	0.139019	0.261418	0.530409	0.744537	0.528259	0.217931	0.18942	0.319369	0.373168	0.465669	0.550033	0.678144	0.186634	0.256472	0.280665	0.507024	0.552257	0.613374	
