15	20
141.557	70.9631
77.452	20.0292
134.409	48.6191
78.3619	94.4
66.9295	44.45
102.122	53.4056
179.547	10.5416
70.6974	129.736
58.4289	113.793
14.4793	72.2163
171.553	134.3
38.2062	55.1367
168.534	140.09
76.5359	156.924
28.2053	146.004
12.3124
35.6386
9.21053
31.0147
27.7888
40.0242
7.49764
4.62757
23.6717
10.0343
33.8656
33.618
37.726
20.5189
28.577
0.563848
36.7996
0.572443
16.6077
19.5329
0.367507	0.674624	0.635263	0.391796	0.179172	0.859169	0.341929	0.571175	0.950784	0.399911	0.930809	0.589746	0.437774	0.263411	0.35473	0.27013	0.358968	0.46363	0.0167909	0.503024	
0.89126	0.619475	0.365671	0.547646	0.574161	0.676376	0.468503	0.235387	0.20092	0.352369	0.179148	0.493285	0.765436	0.525887	0.580303	1.01034	0.602668	0.550273	0.737768	0.249863	
0.982129	0.69234	0.440354	0.611743	0.662121	0.732235	0.544138	0.300158	0.12766	0.439172	0.101043	0.571908	0.85389	0.616687	0.64737	1.09934	0.66871	0.637073	0.8245	0.338957	
0.834589	0.542357	0.288754	0.560824	0.544093	0.599376	0.466948	0.259505	0.233549	0.330065	0.218903	0.418116	0.700618	0.48329	0.589171	0.974172	0.61253	0.482654	0.709967	0.223612	
0.951848	0.972719	0.764808	0.234612	0.533998	1.1038	0.325765	0.338202	0.70209	0.439096	0.673867	0.833943	0.928616	0.5944	0.272476	0.877367	0.272761	0.794411	0.609987	0.468998	
0.520972	0.162047	0.415195	0.951119	0.677361	0.207841	0.822873	0.827528	0.872974	0.683972	0.875173	0.299713	0.347979	0.572478	0.945277	0.842685	0.965662	0.336989	0.762279	0.671657	
0.504818	0.386479	0.235279	0.430386	0.244853	0.537415	0.300696	0.316907	0.569397	0.15034	0.554621	0.252367	0.395824	0.155219	0.433812	0.646995	0.456697	0.210889	0.405035	0.166155	
0.856364	0.87148	0.668751	0.156974	0.437366	1.00597	0.22642	0.255849	0.652923	0.336805	0.625187	0.733259	0.827219	0.492851	0.200181	0.802752	0.208221	0.691497	0.526742	0.37298	
0.657927	0.522478	0.307874	0.353801	0.313632	0.646092	0.241092	0.151969	0.459364	0.0933819	0.439184	0.382114	0.561551	0.274281	0.373527	0.750505	0.397653	0.373597	0.477545	0.0149487	
0.855214	0.406216	0.242205	0.814433	0.701104	0.372744	0.700273	0.541171	0.359507	0.537221	0.37034	0.348705	0.682226	0.605834	0.834416	1.07998	0.858564	0.475612	0.859862	0.446256	
0.51168	0.147325	0.128325	0.677271	0.451402	0.292229	0.547512	0.521632	0.609668	0.393201	0.605954	0.00731767	0.337848	0.340754	0.679453	0.760141	0.701931	0.138073	0.583287	0.366935	
0.482706	0.524277	0.398455	0.29653	0.101102	0.689167	0.172403	0.31561	0.671073	0.124499	0.65154	0.401392	0.434303	0.0999965	0.289438	0.538043	0.31029	0.318964	0.266632	0.223526	
0.672216	0.846048	0.710701	0.128439	0.295839	1.01265	0.202161	0.431015	0.857409	0.364393	0.831946	0.724869	0.699192	0.397737	0.0861925	0.546095	0.0704218	0.635738	0.299373	0.458152	
0.134091	0.384905	0.522881	0.748933	0.437941	0.555926	0.640951	0.761457	0.988059	0.568679	0.979024	0.400009	0.0667966	0.376252	0.726865	0.45977	0.740963	0.286738	0.447474	0.618667	
0.442949	0.663661	0.584189	0.289173	0.108865	0.842493	0.233586	0.467368	0.859009	0.307242	0.837801	0.560874	0.474798	0.217552	0.255356	0.377755	0.263236	0.448427	0.0917527	0.413121	
