15	30
154.024	81.6237
126.068	120.862
168.871	118.017
147.118	149.936
56.0471	66.3402
122.422	155.252
136.755	80.0654
88.5171	91.6469
176.474	84.2371
39.7428	73.2429
115.076	27.7729
64.1422	21.1757
162.062	143.529
126.773	35.2427
69.2863	140.488
14.1419
25.7275
2.36677
11.4162
2.52517
32.5275
8.12825
31.7856
22.4705
3.29985
17.9983
14.0385
9.09273
11.7904
13.8345
19.8142
19.9069
33.0357
26.0367
33.1749
3.93595
25.2069
8.26399
19.6097
1.42663
3.2523
12.0341
28.9729
7.11823
0.210985
0.332855	0.184186	0.592947	0.969158	0.605438	0.19845	0.757144	0.695094	0.0509734	0.829474	0.933932	0.236712	0.578524	0.445471	1.01212	0.336122	0.14857	0.0806983	0.928332	0.70236	1.04147	0.686489	1.0059	0.250462	0.555365	0.60775	0.370982	0.470841	0.469008	0.636915	
0.512402	0.738893	0.605517	0.518757	0.35334	0.744363	0.175762	0.118807	0.853735	0.361734	0.54085	0.799779	0.437552	0.819945	0.389039	0.733024	0.723781	0.826821	0.320095	0.231709	0.541374	0.2285	0.453093	0.619547	0.534003	0.444298	0.444806	0.345704	0.433504	0.435682	
0.327523	0.589268	0.235521	0.668095	0.776014	0.605921	0.82371	0.709798	0.462816	0.976301	0.61615	0.221494	0.798889	0.0529122	0.789194	0.726984	0.308907	0.385293	0.724374	0.802195	0.745091	0.783873	0.746	0.274953	0.828988	0.830259	0.405171	0.580542	0.339706	0.385496	
0.346194	0.0233618	0.661991	0.980753	0.46176	0.0370279	0.638397	0.601642	0.21787	0.67998	0.955217	0.388485	0.420035	0.582351	0.987254	0.161123	0.268849	0.258074	0.900752	0.575916	1.04715	0.56229	0.997149	0.314829	0.383181	0.446779	0.343557	0.372296	0.478604	0.658132	
0.618786	0.803357	0.731296	0.619024	0.364277	0.806561	0.158772	0.196589	0.939648	0.293317	0.647818	0.907491	0.444868	0.940154	0.46349	0.774829	0.822974	0.92015	0.40932	0.229207	0.63086	0.235945	0.539314	0.724567	0.540041	0.442586	0.545837	0.418878	0.552199	0.561581	
0.298066	0.277831	0.610384	0.822737	0.208889	0.279954	0.378565	0.353551	0.445578	0.433015	0.810759	0.512554	0.192187	0.649183	0.787009	0.264505	0.392623	0.451596	0.700939	0.315869	0.879063	0.302175	0.8142	0.351383	0.210396	0.223693	0.236015	0.1394	0.375443	0.538318	
0.463825	0.233216	0.7898	1.02506	0.317327	0.222874	0.521209	0.53114	0.449587	0.503391	1.01251	0.601881	0.246305	0.776498	0.984998	0.111078	0.47663	0.488212	0.899546	0.451217	1.08121	0.443371	1.01526	0.481911	0.174198	0.262909	0.419562	0.339292	0.56505	0.735215	
0.168602	0.517051	0.273766	0.487134	0.438254	0.529489	0.439453	0.320782	0.546336	0.607943	0.464032	0.432042	0.488294	0.4394	0.510996	0.589059	0.383084	0.497895	0.427608	0.428512	0.553705	0.410808	0.508301	0.267491	0.551598	0.51569	0.15093	0.254043	0.0516458	0.176667	
0.185419	0.301129	0.494767	0.729224	0.27624	0.309359	0.395251	0.332627	0.415265	0.495278	0.712334	0.428993	0.288141	0.544659	0.714402	0.341113	0.319424	0.401602	0.62766	0.345761	0.789986	0.328701	0.731784	0.253779	0.323487	0.319698	0.120241	0.106864	0.261789	0.430371	
0.264698	0.572835	0.358846	0.457039	0.383065	0.583036	0.341582	0.217217	0.635149	0.522352	0.447951	0.542692	0.447717	0.552712	0.43757	0.618778	0.482773	0.594308	0.351074	0.343174	0.51361	0.326857	0.452685	0.370341	0.525426	0.470874	0.216963	0.232496	0.16641	0.21314	
0.216434	0.188844	0.544029	0.824883	0.343475	0.198161	0.493981	0.442757	0.315215	0.568084	0.803222	0.380461	0.328133	0.53379	0.82251	0.253241	0.257865	0.315302	0.735876	0.437664	0.888901	0.42202	0.835306	0.235002	0.330332	0.359252	0.18884	0.213143	0.332892	0.511109	
0.501613	0.837565	0.186785	0.476682	0.898189	0.853789	0.879847	0.75395	0.741484	1.061	0.417176	0.505441	0.943873	0.315709	0.647248	0.959372	0.574007	0.665081	0.607874	0.881233	0.547732	0.864337	0.57953	0.503049	0.997415	0.972569	0.556649	0.708991	0.427335	0.336526	
0.325255	0.629169	0.385878	0.419902	0.399084	0.638845	0.324345	0.198055	0.695938	0.51335	0.417774	0.600746	0.470475	0.600233	0.38249	0.66814	0.543361	0.655151	0.295748	0.338382	0.471016	0.323871	0.404237	0.430413	0.554088	0.490821	0.277289	0.272208	0.219805	0.223418	
0.674824	1.02927	0.485701	0.0627454	0.808101	1.04119	0.669682	0.567752	1.04552	0.858968	0.12266	0.876278	0.886199	0.771302	0.147125	1.08757	0.870428	0.986495	0.179842	0.713824	0.0457276	0.704956	0.0574471	0.756384	0.974878	0.90254	0.662368	0.697992	0.536813	0.37043	
0.0559831	0.345095	0.338761	0.68377	0.488294	0.360422	0.572502	0.477981	0.328887	0.700555	0.65052	0.234513	0.503181	0.32974	0.729197	0.457683	0.163457	0.277824	0.646881	0.536703	0.755484	0.518516	0.719927	0.0514568	0.53039	0.534823	0.129986	0.298817	0.183362	0.352016	
