10	40
121.898	18.6377
158.234	80.9792
106.267	126.561
145.572	78.7156
87.9142	145.907
108.284	64.426
75.2751	126.387
49.3678	94.7392
61.5422	51.6932
7.11983	10.2641
12.5321
8.31063
14.6983
11.8289
11.0746
13.2296
1.14986
8.64878
1.66077
4.28345
0.871214
0.555631
11.3526
11.8854
5.02003
7.78295
0.737889
10.7911
3.79114
1.23447
3.79047
11.6549
6.1285
1.6306
14.5904
5.09365
0.847548
1.2558
14.155
1.28944
2.35108
0.473798
11.9035
12.9349
8.67556
10.4486
0.295461
3.59456
11.9367
1.61347
0.431038	0.378771	0.500138	0.599873	0.865239	0.324948	0.551986	0.800959	0.718736	0.749167	0.595266	0.732997	0.812393	0.717165	0.378801	0.177069	0.412237	0.200445	0.786018	0.634383	0.406198	0.445627	0.364985	0.332011	0.429642	0.879749	0.228112	0.482335	0.480259	0.796558	0.799746	0.398735	0.763479	0.389884	0.19017	0.907415	0.698751	0.347819	0.532726	0.18688	
0.375563	0.488827	0.338118	0.524228	0.811769	0.480296	0.666135	0.912523	0.591098	0.712573	0.570707	0.575185	0.735188	0.799427	0.511483	0.306258	0.409849	0.365088	0.768765	0.484634	0.509579	0.382544	0.518911	0.344431	0.570158	0.823341	0.106292	0.311722	0.396302	0.953103	0.690582	0.369208	0.739754	0.348057	0.379464	0.938902	0.676502	0.211507	0.527453	0.0956172	
0.268098	0.609999	0.155972	0.204296	0.434203	0.695687	0.721512	0.898506	0.11216	0.398044	0.350704	0.127422	0.323162	0.73881	0.667101	0.776257	0.371233	0.649264	0.48232	0.0391079	0.606648	0.24941	0.716433	0.403924	0.719274	0.437602	0.402883	0.191117	0.1971	1.05557	0.227104	0.322478	0.446836	0.305322	0.812227	0.724949	0.409422	0.279315	0.382046	0.442155	
0.533252	0.664264	0.686282	0.400506	0.132582	0.788466	0.627018	0.632619	0.483826	0.196105	0.344864	0.615228	0.250395	0.492214	0.716583	1.1161	0.526855	0.83392	0.157344	0.596816	0.638632	0.526366	0.779574	0.607082	0.730139	0.136007	0.802683	0.720881	0.520913	0.874792	0.383752	0.547998	0.175699	0.564445	1.08707	0.278305	0.240331	0.715137	0.407228	0.824479	
0.212406	0.473232	0.352869	0.0617504	0.232881	0.58643	0.531851	0.668783	0.228487	0.151057	0.118546	0.352374	0.172099	0.505416	0.533794	0.816856	0.253243	0.586891	0.230757	0.294559	0.458576	0.200329	0.593955	0.326339	0.572472	0.244558	0.474755	0.385984	0.183934	0.85512	0.214406	0.24557	0.195391	0.252353	0.812171	0.469376	0.15368	0.378002	0.182393	0.501621	
0.304988	0.409926	0.516632	0.235867	0.230214	0.533886	0.406853	0.497902	0.410443	0.108067	0.107859	0.537401	0.263441	0.33479	0.465378	0.859923	0.273492	0.573681	0.103598	0.478314	0.386261	0.304251	0.528823	0.352304	0.486908	0.24832	0.568181	0.546072	0.318232	0.705694	0.368289	0.305111	0.0892851	0.32635	0.826982	0.29235	0.04429	0.500319	0.151332	0.58426	
0.722118	0.383246	0.955881	0.82684	0.92167	0.34262	0.289883	0.342706	1.02472	0.803913	0.702001	1.11523	0.953907	0.419429	0.333333	0.736482	0.617406	0.458264	0.769073	1.02095	0.382576	0.740138	0.305905	0.597923	0.274759	0.939752	0.77179	0.961609	0.791917	0.166787	1.0325	0.668905	0.775486	0.69015	0.616682	0.688363	0.738698	0.82539	0.636717	0.746375	
0.129533	0.453589	0.239869	0.0569325	0.346727	0.552611	0.549873	0.722483	0.203497	0.267266	0.179851	0.296087	0.266477	0.563252	0.513091	0.723812	0.213245	0.529236	0.342882	0.213947	0.445958	0.111601	0.567743	0.266956	0.56076	0.356767	0.367654	0.271401	0.0745708	0.882886	0.251092	0.179193	0.30827	0.173761	0.732482	0.570637	0.257427	0.263408	0.205992	0.398107	
0.0983494	0.419272	0.249866	0.0735665	0.359252	0.518281	0.51804	0.695734	0.237881	0.269465	0.163207	0.327442	0.28762	0.537977	0.478715	0.698912	0.178827	0.496445	0.340033	0.241546	0.411902	0.08171	0.533316	0.233561	0.526607	0.370594	0.349158	0.278853	0.0578345	0.851588	0.282715	0.145876	0.306465	0.142411	0.703711	0.559394	0.251088	0.252223	0.178923	0.377414	
0.837163	0.516754	1.08351	0.91623	0.958505	0.504731	0.374258	0.288776	1.11635	0.852467	0.777963	1.21933	1.01068	0.425015	0.477974	0.915944	0.73061	0.626097	0.801499	1.13075	0.507739	0.853679	0.465489	0.727087	0.417631	0.975968	0.925	1.09357	0.903249	0.0415833	1.1063	0.787033	0.81552	0.811157	0.797	0.665405	0.791521	0.964733	0.722757	0.90333	
