15	40
78.8537	14.3309
53.3428	26.2845
62.8211	57.1146
89.3669	57.5533
59.4451	82.6064
58.1914	116.528
12.9848	138.199
78.1457	38.8627
63.4291	75.2745
87.6856	158.137
5.89655	56.0565
38.3041	40.3538
70.7764	26.3412
22.9818	141.223
77.3402	101.596
2.45151
5.72224
13.7248
6.54085
16.9376
1.67117
12.9449
16.9811
15.9471
2.77292
4.96094
0.376211
5.5991
6.92429
15.9219
9.6034
14.508
8.76461
17.2488
4.43852
0.0936191
4.90339
16.2149
3.38544
0.229823
3.25129
14.6643
14.8853
8.50181
12.8203
9.69169
14.9992
17.9637
9.76988
14.9248
1.66887
10.31
11.3663
7.57648
15.5596
0.585142	0.70772	0.157009	0.613626	0.125125	0.832798	0.74379	0.157555	0.620745	0.734898	0.746419	0.338844	0.572603	0.947111	0.76666	0.502806	0.618183	0.559779	0.730415	0.477409	0.252372	0.329722	0.629654	0.457141	0.698525	0.647777	0.243112	0.421969	0.659082	0.842229	0.0885682	0.696022	0.566477	0.102156	0.0901034	0.136545	0.724844	0.526525	0.17629	0.749257	
0.665248	0.583927	0.87289	0.204604	0.754648	0.714134	0.142735	0.653617	1.13381	1.28861	1.05044	0.463208	0.456314	0.98355	0.72567	0.887711	1.22412	0.436633	1.0953	0.654366	0.894417	0.903942	0.59473	0.569688	1.22965	0.815751	0.597755	0.60427	0.733846	0.998362	0.695363	0.209755	0.642086	0.834412	0.73933	0.913098	1.196	0.777858	0.649096	0.77156	
0.602284	0.696231	0.294279	0.519422	0.096074	0.8354	0.648298	0.0140455	0.73843	0.862684	0.828976	0.270334	0.53848	0.987756	0.779094	0.585058	0.751415	0.520491	0.824286	0.499908	0.377238	0.443361	0.626511	0.455006	0.821854	0.693671	0.234812	0.431414	0.685105	0.90054	0.0610007	0.610785	0.579374	0.23973	0.176414	0.273434	0.838575	0.577894	0.0353623	0.773286	
0.639819	0.587637	0.778849	0.172277	0.643195	0.729919	0.194439	0.543326	1.07432	1.2271	1.01766	0.377153	0.435237	0.988917	0.728202	0.834966	1.15369	0.411955	1.05545	0.610507	0.809576	0.827573	0.581772	0.523144	1.17014	0.790168	0.512467	0.551307	0.716699	0.985532	0.589404	0.231336	0.614501	0.737213	0.642638	0.810313	1.14421	0.736086	0.537453	0.766686	
0.430412	0.363405	0.954084	0.76833	1.10437	0.211018	0.766867	1.03543	0.761114	0.876059	0.496311	0.798568	0.540999	0.174446	0.252023	0.600893	0.915206	0.566244	0.574955	0.537023	0.874154	0.801404	0.411852	0.576801	0.819284	0.391415	0.796664	0.600231	0.355243	0.318288	1.00134	0.707384	0.451959	0.968776	0.923685	1.07297	0.731356	0.506689	1.05207	0.265275	
0.321201	0.31969	0.539876	0.174074	0.522457	0.472145	0.285662	0.426517	0.755348	0.910071	0.691132	0.158536	0.141847	0.699046	0.444652	0.510685	0.847777	0.116729	0.727874	0.282929	0.537871	0.534299	0.28263	0.195642	0.851221	0.468556	0.259101	0.226424	0.40452	0.672375	0.430343	0.220805	0.294587	0.514066	0.423965	0.611232	0.819818	0.40851	0.434939	0.468948	
0.519614	0.666678	0.585774	0.962035	0.853851	0.651553	1.04877	0.848598	0.132669	0.197958	0.18269	0.774983	0.718192	0.514158	0.576063	0.284453	0.267107	0.733722	0.10406	0.510929	0.480613	0.399273	0.609183	0.596455	0.145272	0.38905	0.665874	0.566286	0.484951	0.361304	0.778893	0.973777	0.536788	0.633472	0.662033	0.694985	0.0530322	0.388486	0.870972	0.513221	
0.607242	0.764451	0.553967	1.02272	0.831524	0.764966	1.11932	0.841811	0.0958113	0.0733357	0.308381	0.809408	0.793585	0.642187	0.686646	0.341375	0.152098	0.806154	0.229994	0.578863	0.454852	0.386161	0.699605	0.659247	0.0178543	0.491793	0.688176	0.623043	0.585944	0.488764	0.768693	1.04532	0.620625	0.606381	0.652401	0.649985	0.0767216	0.465596	0.864029	0.625176	
0.517677	0.598952	0.325737	0.418313	0.200901	0.741804	0.548091	0.103592	0.724584	0.860189	0.780279	0.165066	0.436412	0.909948	0.689839	0.541672	0.759269	0.417464	0.784998	0.420685	0.385257	0.434686	0.532868	0.365291	0.81366	0.622512	0.159079	0.348047	0.603312	0.833834	0.122435	0.50744	0.493247	0.277244	0.188349	0.341815	0.818517	0.512884	0.114399	0.68928	
0.0927113	0.246941	0.523059	0.558334	0.691201	0.288623	0.629855	0.636051	0.439454	0.589844	0.295106	0.447041	0.299466	0.359305	0.20722	0.204631	0.575166	0.318747	0.34454	0.137103	0.445744	0.378839	0.181863	0.216118	0.526875	0.0702578	0.397566	0.212464	0.0848395	0.28356	0.590295	0.554682	0.11343	0.538821	0.50063	0.642208	0.468115	0.0796464	0.655352	0.167798	
0.328751	0.481559	0.214148	0.565869	0.405753	0.580079	0.681723	0.377814	0.399945	0.544603	0.462676	0.319215	0.40273	0.660085	0.505177	0.218181	0.461992	0.402364	0.458001	0.226394	0.15735	0.138296	0.397843	0.253084	0.492727	0.361323	0.192877	0.206775	0.387795	0.551019	0.314714	0.61453	0.317686	0.228567	0.205674	0.331662	0.489232	0.239613	0.399833	0.476572	
0.41504	0.552363	0.144638	0.553909	0.293731	0.666242	0.67859	0.27187	0.484493	0.61836	0.57344	0.281278	0.4422	0.767151	0.595926	0.328674	0.519399	0.435435	0.564847	0.307505	0.153044	0.192856	0.470595	0.305609	0.572289	0.467768	0.146457	0.263785	0.483893	0.662139	0.204943	0.618232	0.399146	0.135297	0.0935958	0.242656	0.581416	0.346289	0.2942	0.573925	
0.545643	0.682225	0.0706873	0.642761	0.212107	0.797026	0.771529	0.237685	0.53387	0.647077	0.670601	0.363271	0.564213	0.889479	0.726229	0.429716	0.530989	0.554983	0.650195	0.438255	0.165304	0.245439	0.60092	0.43375	0.610823	0.590835	0.243567	0.393329	0.612836	0.776687	0.1635	0.717393	0.529974	0.016438	0.0808135	0.113624	0.638598	0.469112	0.258195	0.702596	
0.25673	0.425362	0.35584	0.635219	0.574133	0.484004	0.733434	0.544196	0.294673	0.450245	0.295056	0.437368	0.41324	0.509934	0.402465	0.0547958	0.405185	0.423159	0.297999	0.196977	0.264263	0.188066	0.346832	0.272571	0.39023	0.221937	0.335049	0.235532	0.280206	0.388747	0.482963	0.660115	0.260147	0.384159	0.37388	0.478446	0.360487	0.116363	0.565933	0.358569	
0.486748	0.644355	0.0995937	0.704752	0.372947	0.7351	0.826898	0.388466	0.373201	0.488405	0.529594	0.43598	0.564835	0.782204	0.657231	0.301131	0.377341	0.562752	0.500449	0.388572	0.00836145	0.0944218	0.560586	0.416655	0.45038	0.492494	0.300587	0.370561	0.536322	0.655294	0.31397	0.763514	0.478284	0.148413	0.201787	0.216254	0.478484	0.376179	0.410212	0.621777	
