10	30
43.0216	107.298
56.4102	57.896
39.9548	118.941
90.4715	148.2
93.163	124.939
54.4952	120.493
39.022	111.117
46.3075	143.756
64.0859	122.896
115.69	58.7967
0.895241
20.3562
2.09559
5.10914
9.97069
1.43616
1.9918
22.05
17.0242
26.6207
1.7905
2.16233
12.4889
23.7186
5.1757
17.3883
22.5789
8.44803
2.8688
26.726
11.0346
18.7305
1.88775
18.8094
20.8235
17.6356
19.4313
18.0129
5.02977
9.15277
0.557454	0.515143	0.320281	0.631346	0.770766	0.701886	0.697711	0.600095	0.79274	1.04791	0.535195	0.671401	0.537402	0.921541	0.805041	0.254929	0.638867	0.843236	0.289512	0.680135	0.378573	0.770773	0.964967	0.651284	0.870901	0.537257	0.835839	0.462699	0.450348	0.313459	
0.254062	0.205013	0.261681	0.0873509	0.226258	0.456833	0.419202	0.1483	0.229109	0.486296	0.527659	0.296321	0.377689	0.37831	0.397635	0.410002	0.112014	0.286974	0.564406	0.126742	0.604453	0.438935	0.671949	0.374597	0.333547	0.0811491	0.270387	0.487909	0.199406	0.314136	
0.150922	0.558532	0.408492	0.420595	0.497247	0.817515	0.0733314	0.506836	0.437649	0.627071	0.866434	0.652958	0.188467	0.364757	0.116424	0.450769	0.271368	0.506728	0.826608	0.425375	0.890638	0.792954	1.02162	0.0676838	0.320237	0.438368	0.428824	0.339124	0.276502	0.388013	
0.34761	0.495671	0.197175	0.533388	0.675829	0.74715	0.461528	0.541922	0.672945	0.928202	0.653156	0.658006	0.298305	0.750246	0.586422	0.0403516	0.485577	0.735639	0.476378	0.576626	0.562727	0.786349	1.00925	0.418756	0.698082	0.458221	0.704215	0.218482	0.273482	0.135964	
0.378134	0.58479	0.591603	0.392289	0.370942	0.777983	0.366566	0.489401	0.289087	0.364697	0.908279	0.601957	0.477906	0.0842388	0.205884	0.690916	0.289175	0.331963	0.957687	0.361785	0.999984	0.716353	0.914855	0.369072	0.0797084	0.46868	0.24444	0.632695	0.462215	0.605469	
0.653768	0.570002	0.410499	0.704597	0.840309	0.725705	0.79618	0.663315	0.868625	1.12096	0.532916	0.718108	0.635948	1.00868	0.901608	0.35344	0.724864	0.915152	0.264578	0.753723	0.346521	0.804219	0.983035	0.749578	0.958706	0.6084	0.914207	0.55802	0.543588	0.409884	
0.269111	0.70142	0.483597	0.589572	0.678695	0.971062	0.112106	0.667237	0.622064	0.809155	0.987112	0.815277	0.190736	0.538962	0.261743	0.463362	0.445431	0.691603	0.900396	0.600914	0.975001	0.957726	1.18987	0.14561	0.498529	0.589625	0.614172	0.272355	0.378272	0.436277	
0.417171	0.406683	0.176146	0.498122	0.640056	0.630128	0.567061	0.478493	0.656009	0.912648	0.50856	0.569224	0.411883	0.777708	0.665063	0.142021	0.495704	0.70978	0.322109	0.546151	0.408071	0.683983	0.89537	0.518612	0.726908	0.407503	0.696962	0.366535	0.306587	0.174258	
0.397125	0.5347	0.582325	0.340205	0.297687	0.709785	0.420228	0.433518	0.21599	0.288482	0.85388	0.535006	0.511073	0.0192929	0.270515	0.69658	0.264847	0.252071	0.923829	0.303368	0.959889	0.643019	0.836096	0.413926	0.0336299	0.425587	0.166696	0.66483	0.461444	0.606165	
0.704137	0.350339	0.471991	0.544325	0.633014	0.346567	0.885652	0.456564	0.695128	0.90387	0.114041	0.420563	0.76513	0.90113	0.91905	0.556518	0.648781	0.71134	0.160959	0.585077	0.109273	0.446064	0.579057	0.833937	0.862474	0.46175	0.750796	0.772955	0.580532	0.531848	
