10	30
46.4559	72.988
165.211	132.223
71.9873	29.4302
165.848	123.737
118.52	107.073
127.354	24.9704
143.403	111.062
83.9619	31.4307
22.5572	73.616
135.64	86.14
20.7292
8.81826
11.2366
2.64763
0.578777
21.7464
1.00803
13.6752
9.50972
8.80633
12.336
8.97618
24.6808
14.0781
19.5617
23.9028
21.3464
17.0065
9.99435
10.2312
5.74516
21.589
3.61945
24.6435
22.5575
14.9876
9.99481
7.37223
11.9178
13.0379
0.860133	0.137577	0.117047	0.512698	0.540576	0.895119	0.80596	1.09092	0.532758	0.547092	0.89751	0.561345	0.727346	0.912554	0.444525	0.804058	0.474399	0.504025	0.207029	1.03912	0.807202	0.841798	0.680457	0.246452	0.944519	0.738378	0.547473	1.03562	1.25857	0.794054	
0.702418	0.0591829	0.102495	0.373268	0.387772	0.737626	0.683755	0.935035	0.468486	0.437675	0.828242	0.477693	0.583959	0.757662	0.318875	0.646576	0.320222	0.399483	0.0477375	0.893281	0.735648	0.689693	0.524316	0.22431	0.796836	0.580576	0.403778	0.886888	1.10241	0.734749	
0.623674	0.195449	0.240305	0.360677	0.259335	0.616982	0.681702	0.86016	0.539554	0.465978	0.881101	0.531129	0.447683	0.6316	0.182833	0.569988	0.274435	0.437005	0.116293	0.845289	0.788918	0.559874	0.401271	0.343136	0.74648	0.504142	0.267264	0.83249	1.02509	0.798584	
0.61901	0.254772	0.298981	0.393345	0.224297	0.583734	0.712029	0.855356	0.593429	0.509608	0.928361	0.580854	0.398199	0.593374	0.122472	0.567342	0.297568	0.483782	0.177593	0.854392	0.836722	0.518312	0.368447	0.404474	0.755322	0.502779	0.219109	0.838577	1.01795	0.849232	
0.320302	0.716194	0.735709	0.346247	0.615619	0.61543	0.0901165	0.391348	0.447914	0.323896	0.433558	0.377439	0.735235	0.676326	0.757884	0.308652	0.426182	0.368677	0.675193	0.233076	0.391467	0.687453	0.581453	0.65433	0.183564	0.321634	0.686139	0.255863	0.528407	0.452205	
0.0565675	0.688644	0.722064	0.341379	0.426059	0.343837	0.339064	0.26656	0.590866	0.426577	0.691713	0.522063	0.49152	0.405003	0.591969	0.0429295	0.350026	0.4581	0.620936	0.270234	0.634052	0.422084	0.345957	0.693026	0.177217	0.0971129	0.489615	0.245319	0.434204	0.68765	
0.0546869	0.671627	0.707098	0.340987	0.383427	0.29819	0.380037	0.290692	0.607408	0.441205	0.730466	0.540587	0.441178	0.358739	0.55137	0.00919141	0.333879	0.469008	0.600122	0.317171	0.669196	0.372525	0.296809	0.688255	0.22649	0.0672708	0.445016	0.289484	0.456334	0.720729	
0.480476	0.809573	0.821356	0.464093	0.770127	0.778786	0.143494	0.504658	0.462113	0.391325	0.313859	0.40235	0.899101	0.84	0.903172	0.473128	0.559135	0.434919	0.78271	0.315964	0.30373	0.85282	0.744923	0.717147	0.313199	0.486861	0.841028	0.353844	0.611663	0.368226	
0.693066	0.322308	0.30827	0.311915	0.603803	0.864654	0.469899	0.8817	0.124568	0.224523	0.485431	0.175021	0.811051	0.906803	0.62649	0.64195	0.37352	0.185048	0.354052	0.767486	0.396417	0.864587	0.691895	0.166449	0.690372	0.591095	0.654807	0.779557	1.04164	0.381202	
0.65868	0.324877	0.366803	0.469789	0.23622	0.583643	0.784961	0.892659	0.678005	0.591342	1.01117	0.664731	0.3703	0.584421	0.0774959	0.610068	0.369245	0.56684	0.255289	0.907443	0.919795	0.504433	0.374715	0.482703	0.808712	0.547986	0.204832	0.888507	1.05141	0.933232	
