10	30
149.949	91.6568
61.0814	157.217
5.03466	125.92
96.8555	14.5399
86.9768	134.744
78.1742	128.925
3.71193	75.8036
160.59	36.2443
21.1877	16.9777
76.624	65.7078
5.87979
1.24451
0.967011
21.8448
4.6682
0.31883
17.0533
23.6781
4.52952
9.43798
18.2327
25.4798
15.6947
20.5643
3.95062
14.3734
0.822165
4.9264
13.2067
6.66249
17.1689
11.1502
2.26974
8.9891
3.02508
5.4965
8.4327
8.48159
3.35561
0.674052
0.707967	0.397098	0.392291	0.55882	0.415211	0.902467	0.49811	0.257246	0.376722	0.0948238	0.49207	0.778985	0.732147	0.601774	0.67984	0.609316	0.613012	0.172318	0.649274	0.745959	0.0216277	0.670601	0.591975	0.582351	0.256584	0.965364	0.96383	0.202	0.451972	1.02454	
0.976401	0.233605	0.335908	0.394319	0.825914	0.891854	0.192683	0.329965	0.686604	0.540463	0.469143	0.790517	0.675789	0.854159	0.961437	0.54367	0.656171	0.466137	0.957891	0.474246	0.467089	0.3609	0.873942	0.43169	0.206659	0.596529	1.04618	0.25996	0.519494	1.08416	
1.03044	0.348594	0.4131	0.318246	1.009	0.754032	0.235513	0.662234	0.8202	0.787872	0.464776	0.689265	0.551633	0.915	1.02727	0.46259	0.616294	0.664901	1.04451	0.226913	0.729893	0.142763	0.952685	0.339748	0.489696	0.258474	0.953864	0.542129	0.554809	0.970692	
0.752503	0.291965	0.310282	0.471118	0.510351	0.866633	0.383888	0.199284	0.424969	0.203255	0.432137	0.74534	0.678829	0.637513	0.728398	0.547456	0.580825	0.185933	0.707023	0.647065	0.127411	0.563377	0.638258	0.499131	0.134415	0.854282	0.955191	0.0799535	0.414702	1.01067	
0.534934	0.447056	0.36349	0.282629	0.707967	0.225017	0.48643	0.827366	0.494443	0.683672	0.222944	0.124714	0.0445698	0.44769	0.545913	0.125737	0.117535	0.534032	0.586505	0.365599	0.68243	0.425977	0.501234	0.247714	0.623182	0.611216	0.390221	0.636706	0.248832	0.418326	
0.615523	0.225126	0.188925	0.355101	0.449615	0.706045	0.340837	0.358533	0.305308	0.227236	0.282506	0.583918	0.525475	0.495911	0.595416	0.399769	0.418635	0.0916343	0.583529	0.549551	0.19646	0.487916	0.505497	0.375658	0.20523	0.785625	0.792139	0.182398	0.252897	0.847308	
1.00586	0.407542	0.444442	0.307247	1.03619	0.66602	0.312162	0.767175	0.834485	0.8485	0.454862	0.618205	0.480039	0.896924	1.00736	0.419513	0.574894	0.712432	1.0322	0.139545	0.798967	0.136797	0.940208	0.314737	0.578775	0.161559	0.876425	0.627513	0.549647	0.885285	
0.544183	0.433047	0.350708	0.267208	0.708567	0.23889	0.471201	0.815568	0.494263	0.677242	0.211153	0.140268	0.044167	0.454666	0.554339	0.110925	0.120289	0.526841	0.593772	0.351576	0.674391	0.410698	0.507636	0.232202	0.610634	0.598911	0.405792	0.624987	0.241869	0.433737	
0.961614	0.436418	0.49124	0.63305	0.676989	1.07042	0.48717	0.0247951	0.630637	0.35743	0.627266	0.951357	0.872906	0.849481	0.935623	0.737218	0.789289	0.397993	0.909198	0.778884	0.28379	0.677074	0.846204	0.666342	0.236257	0.942197	1.16941	0.213429	0.623676	1.22334	
0.345018	0.41519	0.312737	0.374782	0.421366	0.43932	0.511931	0.678305	0.207988	0.44114	0.22561	0.31833	0.330559	0.22603	0.338448	0.277993	0.170431	0.312976	0.355734	0.552955	0.463898	0.557348	0.263635	0.362999	0.511596	0.818008	0.479732	0.499987	0.13601	0.540246	
