15	30
98.3693	130.295
132.336	90.8037
166.407	25.9339
67.9147	21.8119
65.5935	134.48
19.1182	78.0556
23.7481	111.548
88.0359	111.081
121.889	34.2448
157.48	110.681
133.788	44.0935
0.80629	59.6235
154.371	130.808
158.202	130.971
167.52	98.3063
29.7756
32.0916
34.2295
24.8783
24.3524
6.88057
18.7118
35.5651
26.0415
32.4498
19.8025
30.3787
2.33948
31.9929
5.47081
36.324
3.03166
28.5082
18.77
23.0541
13.5444
29.652
24.8647
9.19883
16.3808
13.5293
30.3867
8.28342
12.1157
33.7649
0.174185	0.909844	0.310133	0.352929	0.382151	0.40608	0.3064	0.213496	0.123115	0.488349	0.585379	0.845875	0.683609	0.468024	0.445288	0.695653	0.428684	0.237571	0.34187	0.20482	0.412082	0.109699	0.574951	0.616	0.24537	0.829386	0.2429	0.268058	0.0842327	0.771536	
0.410712	1.24869	0.436686	0.577263	0.757406	0.822027	0.728758	0.637153	0.303774	0.337892	0.97183	1.13346	1.03579	0.879188	0.786485	0.864995	0.0396651	0.597809	0.0885697	0.22029	0.391447	0.382754	0.44578	1.01497	0.381804	1.16321	0.662864	0.182862	0.344504	1.1145	
0.514431	0.642803	0.585002	0.502427	0.249613	0.0853492	0.121191	0.212032	0.545447	0.837048	0.28368	0.676668	0.436525	0.123552	0.339323	0.729878	0.850961	0.360246	0.767391	0.628787	0.723613	0.49521	0.890256	0.266909	0.566032	0.584801	0.189058	0.690252	0.504766	0.521421	
0.69322	0.376268	0.480029	0.338347	0.158891	0.272285	0.347373	0.398715	0.611227	0.73113	0.147589	0.337681	0.153429	0.238029	0.0964769	0.407239	0.868886	0.618227	0.822887	0.684078	0.6038	0.640844	0.740309	0.218418	0.509585	0.295288	0.354703	0.778153	0.577223	0.238067	
0.70092	0.691633	0.249396	0.194499	0.434229	0.597119	0.594557	0.571055	0.519341	0.382511	0.576699	0.523572	0.53999	0.605811	0.369763	0.204365	0.631262	0.744832	0.641055	0.546917	0.276181	0.629635	0.345923	0.646133	0.324267	0.609538	0.548405	0.648262	0.511173	0.584277	
0.463264	0.825804	0.000317828	0.146835	0.395685	0.522998	0.47493	0.416927	0.272287	0.26047	0.598421	0.698317	0.626477	0.558601	0.387555	0.443207	0.412935	0.541132	0.401782	0.297777	0.139062	0.391788	0.305327	0.656379	0.0751957	0.739833	0.412101	0.399952	0.269398	0.696776	
0.470172	0.930551	0.755925	0.720815	0.523182	0.376475	0.325159	0.344382	0.603718	0.972599	0.578131	0.974556	0.732791	0.421072	0.619717	1.00113	0.891035	0.278378	0.787339	0.674989	0.881888	0.494021	1.05048	0.54938	0.710561	0.878238	0.364013	0.694582	0.56967	0.815467	
0.403481	0.668396	0.29614	0.224764	0.143373	0.228294	0.185262	0.159478	0.327267	0.551636	0.355186	0.611375	0.442504	0.27175	0.205832	0.521191	0.610864	0.363048	0.548389	0.405882	0.435169	0.34851	0.601088	0.397059	0.284561	0.587933	0.133581	0.493144	0.290292	0.530082	
0.97833	0.227549	0.659218	0.51777	0.460926	0.575128	0.655074	0.70226	0.862749	0.86332	0.384293	0.0387929	0.234369	0.529853	0.37268	0.328702	1.0724	0.922247	1.05069	0.923548	0.745037	0.91902	0.832425	0.438193	0.714245	0.167748	0.65911	1.02485	0.835157	0.190569	
0.64382	0.957731	0.230864	0.329343	0.606401	0.746895	0.704997	0.647215	0.441711	0.124037	0.792317	0.79492	0.787844	0.776452	0.57559	0.462755	0.41679	0.754835	0.464254	0.425547	0.105631	0.576124	0.0826573	0.856297	0.275187	0.873956	0.642738	0.507359	0.455775	0.842945	
0.95549	0.393268	0.575096	0.449043	0.487827	0.632488	0.690845	0.717546	0.812083	0.74553	0.48238	0.191303	0.356016	0.601695	0.390583	0.175523	0.982969	0.932477	0.976748	0.861593	0.636485	0.890096	0.700149	0.547049	0.640282	0.330982	0.678294	0.964975	0.79075	0.341277	
0.50884	0.971106	0.810424	0.776606	0.576915	0.427169	0.380209	0.399978	0.651638	1.02434	0.622925	1.02207	0.778213	0.468523	0.673084	1.05588	0.934209	0.320207	0.829009	0.720845	0.935382	0.537673	1.10366	0.590263	0.763943	0.92155	0.419824	0.735371	0.61864	0.859259	
0.835711	0.891854	0.379876	0.403546	0.666648	0.826565	0.812181	0.774784	0.635911	0.33557	0.81227	0.703602	0.765287	0.839558	0.605959	0.343826	0.634073	0.920173	0.682534	0.633207	0.305392	0.765247	0.239529	0.88203	0.446825	0.814993	0.7591	0.721113	0.64203	0.799086	
0.562652	0.538942	0.534178	0.429629	0.154809	0.0458562	0.155014	0.241829	0.551222	0.793629	0.177514	0.560464	0.32445	0.0269322	0.232223	0.622238	0.84874	0.436778	0.776473	0.633961	0.673115	0.529488	0.834064	0.181914	0.529887	0.475573	0.20215	0.709054	0.511103	0.411903	
0.501605	0.900511	0.765089	0.72202	0.511448	0.358403	0.318933	0.349567	0.625992	0.988278	0.551937	0.951416	0.707253	0.398035	0.606839	0.992185	0.917851	0.308726	0.815639	0.699501	0.893844	0.521325	1.06302	0.519529	0.723107	0.850576	0.364342	0.723778	0.590656	0.78826	
