15	40
86.8226	84.5923
63.2647	156.161
29.0989	116.136
37.2119	124.349
39.4519	155.188
15.2783	132.321
80.5959	51.4374
2.41621	105.239
77.9738	130.933
18.462	46.874
83.41	38.3295
71.3554	13.2627
5.66779	109.914
59.5962	138.091
79.9417	123.028
18.977
12.353
20.9977
0.389981
20.1274
11.8996
23.1855
10.234
18.6956
9.38801
21.651
25.5747
3.13729
19.4257
15.5239
5.04771
13.2824
9.60491
13.4068
11.7916
6.64928
15.2191
17.2948
7.84274
9.87816
22.5941
3.54996
3.13636
19.082
15.2588
8.38975
5.24183
20.1053
23.0566
7.28753
1.5714
5.07369
10.248
4.47299
17.9732
0.492055	0.788914	0.086294	0.42561	0.557209	0.690187	0.446046	0.65944	0.640653	0.533061	0.886219	0.750901	0.485479	0.640994	0.381053	0.262052	0.866378	0.616245	0.227706	0.0832285	0.659155	0.636726	0.404277	0.950426	0.607932	0.640497	0.27365	1.02492	0.667867	0.445005	0.523753	0.435843	0.749997	0.867337	0.20059	0.618727	0.372454	0.695842	0.403335	0.460436	
0.317015	0.836729	0.531993	0.185547	0.709254	0.278701	0.147543	0.633152	0.751534	0.584778	0.673551	0.685435	0.839226	0.294827	0.084906	0.20953	0.903492	0.249708	0.306497	0.376791	0.420409	0.795472	0.480857	0.931117	0.641597	0.317022	0.188454	1.02612	0.497778	0.568803	0.364431	0.226811	0.885903	0.495178	0.565708	0.356076	0.798437	0.298664	0.172895	0.0985262	
0.352732	0.755423	0.85719	0.372986	0.762337	0.147916	0.552187	0.555545	0.75417	0.605703	0.37685	0.544671	1.02884	0.158463	0.447112	0.540714	0.794969	0.184215	0.714495	0.74064	0.248433	0.826663	0.587232	0.762941	0.617592	0.167965	0.585079	0.858835	0.345466	0.659483	0.355992	0.634245	0.872834	0.075648	0.827391	0.23027	1.06653	0.121582	0.588431	0.35579	
0.205158	0.341925	0.644569	0.340279	0.347525	0.45338	0.660078	0.131697	0.327505	0.196151	0.275526	0.163982	0.660866	0.335272	0.472448	0.460419	0.396639	0.367314	0.676073	0.611236	0.179976	0.402477	0.248955	0.409895	0.19112	0.301802	0.563961	0.505669	0.0876868	0.281397	0.157126	0.727582	0.445722	0.451272	0.550596	0.22023	0.757311	0.426314	0.666173	0.424222	
0.507798	0.900351	0.253423	0.402586	0.688618	0.627251	0.30534	0.742681	0.764427	0.633017	0.915714	0.826055	0.655249	0.606867	0.30895	0.23266	0.977056	0.571989	0.0646436	0.102046	0.668378	0.773156	0.499667	1.04675	0.707208	0.615667	0.172225	1.12901	0.702726	0.560753	0.549622	0.277234	0.88411	0.829237	0.365985	0.616014	0.538083	0.640768	0.257363	0.399833	
0.225405	0.725379	0.67552	0.192114	0.669185	0.0892804	0.376593	0.513911	0.683248	0.518608	0.461083	0.537226	0.89003	0.066356	0.254601	0.351449	0.780242	0.0190839	0.522328	0.550743	0.2287	0.745518	0.462212	0.779428	0.552566	0.0979113	0.392581	0.877139	0.328083	0.54552	0.252892	0.458319	0.813314	0.26695	0.661181	0.168768	0.902658	0.0846537	0.407206	0.163226	
0.748005	0.650161	0.434292	0.775536	0.423145	1.04606	0.936016	0.671079	0.500289	0.544777	0.999637	0.759083	0.0765738	0.952377	0.809787	0.686441	0.710493	0.95141	0.741442	0.591997	0.875451	0.433831	0.514991	0.834012	0.584333	0.933936	0.753987	0.864531	0.819112	0.456751	0.745799	0.942069	0.516101	1.14898	0.335034	0.872187	0.185112	1.03657	0.900469	0.855524	
0.474306	0.188725	0.846274	0.609392	0.386432	0.688738	0.929212	0.187935	0.308014	0.319731	0.289606	0.106077	0.732958	0.575384	0.741212	0.719816	0.189657	0.615164	0.931614	0.848475	0.406631	0.381952	0.442947	0.146061	0.249446	0.540517	0.826602	0.243842	0.305457	0.420419	0.426188	0.996086	0.349516	0.615887	0.725363	0.464756	0.884039	0.657478	0.934581	0.692441	
0.613014	0.115123	0.780463	0.730668	0.254779	0.895742	1.03229	0.311589	0.174888	0.330979	0.581565	0.32897	0.530545	0.777594	0.845208	0.779187	0.129705	0.806608	0.962012	0.842347	0.621267	0.183521	0.452941	0.256222	0.274592	0.744624	0.888019	0.269858	0.519392	0.379368	0.573928	1.08317	0.0791264	0.875843	0.638272	0.662942	0.720099	0.869347	1.02321	0.826572	
0.544134	0.938153	0.273498	0.436146	0.724713	0.653018	0.313059	0.781089	0.80133	0.671092	0.952041	0.864413	0.680384	0.637442	0.336816	0.268198	1.01493	0.601291	0.0741351	0.135364	0.703599	0.808785	0.537733	1.08508	0.74536	0.647443	0.198877	1.16718	0.73974	0.597952	0.586469	0.275093	0.920126	0.858246	0.394116	0.650307	0.554255	0.667862	0.26374	0.428157	
0.239823	0.484118	0.33646	0.271908	0.294815	0.534729	0.517601	0.334566	0.356882	0.216307	0.579755	0.425381	0.444587	0.441211	0.344206	0.252892	0.560529	0.439567	0.432832	0.328625	0.387775	0.382863	0.0829547	0.632214	0.290792	0.424664	0.359169	0.712583	0.365094	0.154349	0.247886	0.558752	0.485549	0.646645	0.250557	0.370244	0.479354	0.524645	0.500941	0.362252	
0.415981	0.557309	0.941379	0.518592	0.659919	0.428357	0.792644	0.408097	0.616567	0.519122	0.0946348	0.348226	0.986986	0.3548	0.638501	0.685702	0.572858	0.40237	0.894552	0.871892	0.250363	0.696907	0.570228	0.506962	0.492717	0.329335	0.766044	0.595631	0.252235	0.608732	0.382757	0.872949	0.705196	0.266616	0.865604	0.303789	1.08198	0.394739	0.817775	0.555918	
0.372991	0.327457	0.828651	0.505734	0.453979	0.540057	0.820286	0.20141	0.397875	0.334793	0.141001	0.122139	0.796012	0.43173	0.638956	0.642404	0.346877	0.474994	0.858981	0.798743	0.265588	0.478236	0.425308	0.300909	0.288323	0.397328	0.742345	0.397026	0.177949	0.435879	0.325551	0.892958	0.476894	0.454414	0.726729	0.328735	0.918258	0.507591	0.832486	0.577062	
0.593715	0.225858	0.953242	0.728938	0.466188	0.7956	1.0487	0.30332	0.378683	0.426743	0.356965	0.226089	0.803431	0.685099	0.860998	0.839257	0.181787	0.726675	1.05025	0.963729	0.516836	0.441437	0.554962	0.0639491	0.352954	0.650366	0.946341	0.145284	0.419003	0.523226	0.545472	1.11597	0.37934	0.702149	0.826985	0.577331	0.968972	0.763417	1.05448	0.810904	
0.0346775	0.549501	0.507028	0.104588	0.452959	0.311787	0.424218	0.344145	0.478558	0.310161	0.442173	0.399482	0.669866	0.214186	0.236162	0.241975	0.614891	0.215067	0.457295	0.423748	0.19828	0.533527	0.239188	0.643771	0.358241	0.19901	0.336128	0.737964	0.233336	0.32385	0.0816843	0.491355	0.612196	0.425428	0.46172	0.157795	0.699757	0.299001	0.430006	0.195329	
