15	40
2.6903	41.7181
54.5133	90.7819
54.2484	112.844
78.5355	99.1823
43.9212	132.757
25.1132	115.602
28.4309	103.716
62.9564	60.6027
42.9138	13.4892
2.35056	147.766
31.3409	27.5236
43.0857	29.0355
32.8898	55.2172
53.2987	105.023
26.4833	37.9994
11.122
6.50954
3.23358
4.48394
14.4304
14.8065
5.64105
23.1019
7.77449
21.1587
13.5131
8.65388
23.4577
20.3091
15.5389
2.28991
21.9339
22.6035
1.19736
18.3516
14.5491
11.857
14.1116
16.4014
22.7854
11.8488
24.9626
7.30833
24.1811
21.1997
15.6593
1.15841
21.044
21.9207
14.3885
25.0119
20.9811
16.6074
10.2309
10.3102
0.990029	0.983713	0.361463	0.530365	0.787759	0.404654	0.704236	0.284907	0.760096	0.657988	0.482844	0.572845	0.526179	0.158136	0.229557	0.348424	0.787528	0.653977	0.0819753	0.49025	1.08749	0.547793	0.624176	0.29213	0.767686	0.555382	0.677388	0.902065	0.335103	0.601273	0.370957	0.516765	0.959782	0.72679	0.360958	0.272488	0.751727	0.674561	0.814731	0.425425	
0.70542	0.385108	0.477372	0.323502	0.496591	0.516511	0.137375	0.573974	0.276962	0.286494	0.373493	0.346484	0.453122	0.832258	0.607842	0.494293	0.0492464	0.251501	0.768824	0.587355	0.432116	0.341428	0.242668	0.684865	0.528161	0.532638	0.756498	0.500883	0.507528	0.773349	0.59738	0.341169	0.262999	0.408858	0.536033	0.749805	0.0877517	0.895882	0.455814	0.620462	
0.212942	0.540285	0.773075	0.645657	0.308013	0.930561	0.790816	0.851202	1.00353	0.934478	0.820202	0.546736	0.983037	1.00618	0.758279	0.794396	0.790707	0.593054	0.883699	0.415742	0.615736	0.582989	0.638324	0.591978	0.276007	0.386007	0.208692	0.348596	0.697978	0.293761	0.536269	0.635081	0.646482	0.397749	0.595491	0.611898	0.750908	0.299408	0.354513	0.468268	
0.925467	0.83922	0.159838	0.357324	0.694811	0.179602	0.496186	0.0598532	0.53315	0.431921	0.264149	0.429181	0.301011	0.203275	0.10835	0.13947	0.583121	0.48881	0.147615	0.449257	0.93683	0.394666	0.447714	0.31122	0.685955	0.489142	0.681876	0.79688	0.183708	0.6249	0.331556	0.348904	0.791539	0.613093	0.27133	0.339372	0.552398	0.728448	0.707825	0.402244	
0.408479	0.305917	0.414545	0.23039	0.163656	0.550687	0.342419	0.518026	0.55583	0.492522	0.411327	0.132496	0.570281	0.74725	0.473793	0.438827	0.348854	0.145296	0.642304	0.261288	0.411993	0.172081	0.194204	0.430942	0.178781	0.187952	0.387251	0.243568	0.373871	0.412461	0.332045	0.227861	0.317845	0.0630582	0.320096	0.490114	0.306269	0.530786	0.156671	0.317466	
0.242589	0.517625	0.691485	0.569953	0.260382	0.849398	0.724769	0.768496	0.934995	0.862315	0.742038	0.472861	0.904532	0.924042	0.67525	0.712571	0.730978	0.526159	0.801715	0.332713	0.60306	0.507828	0.568804	0.510735	0.222745	0.304839	0.137269	0.326737	0.615567	0.224033	0.453348	0.558554	0.612025	0.338918	0.512635	0.533022	0.689491	0.25769	0.312329	0.385629	
0.610046	0.620033	0.272191	0.265676	0.403691	0.42873	0.480692	0.327963	0.636484	0.538459	0.366875	0.242879	0.512356	0.484634	0.228161	0.288129	0.539319	0.341075	0.365474	0.114984	0.726392	0.239549	0.338039	0.116791	0.383169	0.171121	0.34848	0.519394	0.185644	0.300893	0.0179411	0.247146	0.622684	0.350596	0.0780746	0.178722	0.494208	0.41755	0.433519	0.071681	
0.802679	0.850127	0.361634	0.459189	0.621847	0.475583	0.665861	0.344246	0.778875	0.67456	0.488205	0.464579	0.589271	0.356115	0.230899	0.362256	0.737286	0.559512	0.238989	0.312309	0.956593	0.452285	0.545695	0.114325	0.595554	0.386693	0.471997	0.740086	0.291119	0.393446	0.2129	0.441716	0.851064	0.578796	0.248713	0.067547	0.69491	0.46591	0.657215	0.244802	
0.57869	0.651482	0.37356	0.360156	0.404517	0.527744	0.573453	0.419159	0.737766	0.640947	0.470761	0.318155	0.615231	0.540226	0.309439	0.388006	0.625495	0.41608	0.417466	0.0975626	0.757966	0.324337	0.422617	0.125452	0.375153	0.175595	0.268719	0.523438	0.286117	0.207409	0.0965371	0.341889	0.67381	0.3765	0.180954	0.15757	0.579566	0.317417	0.444741	0.0434858	
0.965553	0.660916	0.480217	0.434799	0.739019	0.428205	0.246249	0.538044	0.0628665	0.16645	0.351895	0.510608	0.317021	0.76688	0.620121	0.484874	0.263051	0.444802	0.743617	0.739293	0.704339	0.48516	0.404735	0.767639	0.763785	0.707071	0.950706	0.76407	0.549152	0.946679	0.703637	0.452128	0.537552	0.641131	0.623516	0.827674	0.292927	1.0727	0.706854	0.749835	
0.254242	0.170612	0.80409	0.608425	0.289035	0.927677	0.620978	0.90982	0.82327	0.799069	0.777675	0.522031	0.922527	1.14121	0.867445	0.828309	0.570096	0.485369	1.0342	0.598704	0.183054	0.5589	0.538533	0.796695	0.320836	0.522962	0.566282	0.170113	0.768081	0.639213	0.702682	0.610978	0.302372	0.341786	0.708624	0.847101	0.551641	0.711411	0.253499	0.665675	
0.766138	0.845954	0.418205	0.490607	0.602724	0.54204	0.702784	0.412122	0.83029	0.726793	0.541496	0.480774	0.652659	0.428243	0.295767	0.421739	0.76906	0.578534	0.312912	0.294556	0.952643	0.474497	0.571475	0.12777	0.57274	0.372272	0.419534	0.721648	0.340717	0.336954	0.220319	0.472421	0.858543	0.571406	0.277576	0.0631442	0.72515	0.39845	0.642708	0.229925	
0.742128	0.709435	0.175056	0.271787	0.523646	0.315047	0.471983	0.198667	0.58573	0.481978	0.296524	0.29988	0.415729	0.352086	0.0902376	0.182082	0.546367	0.385875	0.237993	0.253117	0.813339	0.277886	0.362989	0.133294	0.508462	0.301401	0.483537	0.634292	0.0961295	0.42833	0.133268	0.255615	0.689116	0.455334	0.0885477	0.185192	0.505505	0.536478	0.545805	0.203889	
0.362421	0.302475	0.971959	0.774015	0.459744	1.08989	0.762837	1.07857	0.952834	0.941217	0.937739	0.69146	1.07623	1.31305	1.03952	0.996061	0.700934	0.647253	1.2069	0.769792	0.248365	0.727288	0.698801	0.968904	0.488898	0.694804	0.716644	0.341383	0.939161	0.794691	0.875453	0.777852	0.413844	0.514667	0.881598	1.0183	0.690112	0.854339	0.42647	0.83703	
0.0259525	0.356736	0.778806	0.610808	0.219313	0.92578	0.703011	0.873512	0.918733	0.867912	0.792501	0.509481	0.95261	1.07008	0.802201	0.802461	0.680582	0.520097	0.952308	0.477646	0.416433	0.549553	0.573013	0.678117	0.216718	0.417213	0.360857	0.18242	0.719549	0.444273	0.598677	0.605875	0.479024	0.319874	0.633314	0.715136	0.648088	0.490582	0.236494	0.543032	
