15	30
98.4988	65.1549
5.97528	147.83
177.203	125.953
70.6119	96.6664
170.417	91.7987
161.352	101.47
39.8663	44.2757
46.8394	113.7
39.3465	78.0142
74.4309	109.926
138.734	50.2085
115.388	15.996
123.983	37.3502
74.0151	83.4936
163.348	102.828
3.63159
40.5396
2.7525
13.266
4.32484
22.0716
11.4466
0.524679
10.5097
10.6262
23.7683
36.7744
8.30368
36.5124
20.361
30.1187
42.7832
32.1209
8.58819
6.36633
27.7666
29.245
45.2203
7.87361
31.2742
33.0137
20.3095
14.8843
16.0573
41.2978
0.782413	0.849469	1.02753	0.487646	0.917783	0.711142	0.707563	0.913442	0.787235	0.0687694	1.07266	1.13738	0.274207	0.276385	1.03204	1.06621	0.940492	0.848509	0.498424	0.810737	1.05851	0.586022	0.469842	0.171292	1.14407	0.309539	0.164717	0.267848	0.762165	0.870704	
0.87357	0.317012	0.69895	0.292697	0.364924	0.297154	0.242107	0.452685	0.637044	0.550273	0.815899	0.779264	0.318742	0.629086	0.5879	0.763825	0.725398	0.723202	0.453474	0.263126	0.665854	0.469721	0.498495	0.396424	0.783943	0.290651	0.557615	0.398587	0.213517	0.903555	
0.316276	0.859641	0.586687	0.277216	0.796567	0.459007	0.510823	0.621708	0.287827	0.580293	0.584583	0.701791	0.570729	0.309539	0.691437	0.60291	0.447475	0.33312	0.115863	0.78995	0.662467	0.156725	0.0732681	0.525501	0.709105	0.583074	0.37027	0.290034	0.745957	0.374251	
0.872097	0.282323	0.561268	0.328383	0.216239	0.18408	0.110345	0.281331	0.577455	0.716919	0.69646	0.626773	0.496764	0.73561	0.415962	0.631383	0.628961	0.661512	0.4802	0.207354	0.507134	0.461343	0.538742	0.565126	0.630602	0.470729	0.685702	0.511622	0.174957	0.87974	
1.06105	0.104066	0.767033	0.487939	0.23892	0.396728	0.323288	0.466738	0.785812	0.732143	0.907229	0.822403	0.486586	0.842294	0.593	0.838623	0.842322	0.870884	0.64954	0.072926	0.699404	0.649375	0.700408	0.580274	0.825456	0.452655	0.767276	0.611938	0.0480623	1.07865	
0.696974	0.778933	0.91095	0.372526	0.826594	0.600238	0.601419	0.802849	0.674506	0.163638	0.957544	1.02085	0.242095	0.224988	0.919028	0.949895	0.826207	0.73844	0.384603	0.733128	0.942809	0.471166	0.360595	0.147437	1.02755	0.273231	0.11153	0.151428	0.683714	0.778523	
0.988862	0.178241	0.631603	0.444452	0.123875	0.290188	0.218513	0.324771	0.685888	0.791851	0.777129	0.681078	0.557101	0.84279	0.448699	0.704176	0.723416	0.768322	0.598082	0.10486	0.557476	0.578952	0.656085	0.637975	0.683853	0.526775	0.785054	0.615135	0.0967492	0.993559	
0.117946	1.08576	0.541007	0.539803	0.973015	0.631126	0.700431	0.722946	0.254207	0.878258	0.455328	0.640045	0.87719	0.565788	0.737253	0.517922	0.344199	0.203608	0.39254	1.01144	0.657575	0.35858	0.377694	0.83309	0.646964	0.887817	0.655052	0.597793	0.974201	0.0756555	
0.712583	0.830294	0.960248	0.426291	0.882344	0.656039	0.658006	0.85865	0.714923	0.13545	1.00174	1.07105	0.277252	0.215564	0.973864	0.997244	0.868931	0.775452	0.426918	0.786188	0.995322	0.515162	0.396825	0.17526	1.07783	0.310682	0.0987904	0.200858	0.73691	0.799227	
0.668334	0.77814	0.885661	0.350919	0.818042	0.58197	0.586195	0.784513	0.645939	0.192893	0.930037	0.996124	0.257458	0.205212	0.898809	0.923609	0.798237	0.709303	0.356344	0.730027	0.919848	0.443455	0.331232	0.168495	1.00287	0.286781	0.0982243	0.1258	0.680473	0.749241	
0.671155	0.89678	0.0946978	0.634315	0.702689	0.496234	0.557465	0.403263	0.362571	1.14695	0.110339	0.0965037	1.02053	0.949443	0.3145	0.0415299	0.214073	0.359343	0.616354	0.827317	0.188575	0.526523	0.662712	1.03409	0.101904	1.01103	0.98477	0.838417	0.814683	0.594404	
0.0519657	1.19686	0.705372	0.624819	1.10366	0.757957	0.822742	0.870923	0.408076	0.866606	0.618183	0.804908	0.91137	0.52863	0.895258	0.682681	0.509045	0.367282	0.464368	1.12429	0.820333	0.459891	0.427768	0.850453	0.811821	0.927839	0.63523	0.623752	1.0835	0.137418	
0.35601	0.798284	0.418466	0.262572	0.697606	0.351852	0.417371	0.481117	0.136139	0.701524	0.426448	0.533605	0.637499	0.471056	0.534704	0.437006	0.291075	0.206916	0.154315	0.724365	0.496501	0.0796666	0.187052	0.617213	0.540912	0.640946	0.514352	0.39144	0.686204	0.364242	
0.237881	0.927805	0.58411	0.348939	0.853488	0.510527	0.567851	0.658045	0.269218	0.645416	0.560725	0.697822	0.647964	0.349687	0.714814	0.590733	0.424766	0.295074	0.187298	0.856855	0.672262	0.201563	0.151854	0.599455	0.705177	0.660982	0.426628	0.364781	0.81407	0.297835	
0.648352	0.513967	0.397452	0.191696	0.406475	0.0618715	0.12563	0.248527	0.346465	0.700146	0.504053	0.491216	0.538167	0.609584	0.358186	0.457339	0.414396	0.431288	0.292603	0.438933	0.39344	0.247186	0.356786	0.567721	0.49692	0.525229	0.594954	0.420423	0.405291	0.649653	
