15	40
26.6326	84.101
17.458	50.4324
57.3413	41.3326
72.6704	76.146
40.2822	106.752
35.6392	98.0425
5.26693	102.324
17.2028	153.167
79.1651	52.0564
42.4165	57.48
41.3869	159.358
28.2533	55.172
19.5233	133.116
84.3391	22.62
71.8552	89.6076
7.77857
25.6761
21.1102
27.879
25.3586
21.6551
24.3908
23.5127
18.0332
14.1967
12.8789
7.88013
3.46833
11.7213
6.20593
7.90319
3.4311
7.88843
15.364
15.5635
6.12482
28.8621
7.96996
15.5417
3.83836
5.29817
19.713
3.21576
18.7315
19.1624
32.0918
22.0487
31.3986
13.15
22.129
29.0728
6.1085
10.5057
29.1504
14.8443
0.306176	0.694475	0.437516	0.310842	0.702276	0.668214	0.559682	0.426053	0.668658	0.296766	0.582203	0.376319	0.489039	0.118213	0.38494	0.530477	0.472621	0.0603939	0.141622	0.30122	0.665488	0.564633	0.237514	0.173741	0.289565	0.610316	0.293433	0.0392783	0.495995	0.203611	0.539099	0.174745	0.303464	0.608549	0.840405	0.293054	0.586996	0.671002	0.395037	0.640843	
0.452361	0.843764	0.213192	0.206209	0.66734	0.710905	0.776191	0.59273	0.842043	0.335472	0.396824	0.66582	0.593589	0.186246	0.635881	0.750223	0.687586	0.246168	0.431044	0.569736	0.485687	0.572503	0.475186	0.373105	0.522506	0.694842	0.526539	0.324194	0.53808	0.481815	0.572406	0.328715	0.43289	0.604774	0.713345	0.542981	0.491595	0.767832	0.545261	0.732337	
0.507157	0.503683	0.683786	0.526875	0.730425	0.61709	0.296367	0.289327	0.449567	0.574338	0.774294	0.177044	0.414782	0.407	0.389008	0.267288	0.231632	0.379438	0.19957	0.2995	0.840356	0.57991	0.144084	0.395736	0.384289	0.522344	0.385518	0.300561	0.496299	0.251968	0.534054	0.298184	0.309442	0.624304	0.942368	0.349682	0.699691	0.553088	0.302214	0.536441	
0.275001	0.802845	0.756161	0.627142	0.963369	0.882802	0.592968	0.569642	0.749444	0.400826	0.898799	0.17687	0.680943	0.436829	0.0909252	0.564783	0.531533	0.345536	0.212463	0.0198356	0.979971	0.814467	0.365465	0.235733	0.119669	0.798558	0.118264	0.279865	0.73423	0.116956	0.776516	0.438851	0.526181	0.860324	1.13661	0.0760062	0.882321	0.839493	0.566801	0.81846	
0.78464	0.252459	0.789644	0.634331	0.634662	0.471562	0.0152575	0.209773	0.182742	0.834585	0.817723	0.425846	0.314279	0.596698	0.664757	0.0200087	0.0827156	0.609532	0.464332	0.579936	0.859838	0.504244	0.312673	0.664895	0.666728	0.365383	0.667978	0.543993	0.433263	0.532788	0.453121	0.441544	0.356693	0.538058	0.884669	0.631905	0.683754	0.359236	0.260689	0.359514	
1.03298	0.713027	0.418344	0.455503	0.241478	0.422093	0.830751	0.639569	0.767089	0.946268	0.238641	1.03196	0.522239	0.653949	1.13233	0.823369	0.777663	0.758782	0.842858	1.03976	0.16675	0.333701	0.733767	0.916433	1.04353	0.505373	1.04738	0.790433	0.404248	0.93941	0.384186	0.616886	0.562841	0.306958	0.0918173	1.0439	0.174084	0.559284	0.598785	0.533132	
0.79121	0.427004	0.385337	0.286678	0.217469	0.219819	0.491387	0.291979	0.460707	0.746586	0.340357	0.698109	0.187144	0.422426	0.832944	0.480619	0.431126	0.513772	0.537346	0.735735	0.36802	0.0824993	0.399249	0.660282	0.761902	0.229759	0.76534	0.515574	0.0700024	0.639262	0.0854085	0.318338	0.226245	0.122939	0.412787	0.752495	0.188419	0.303674	0.249552	0.268002	
0.832493	0.400846	0.425436	0.331892	0.183448	0.175487	0.486664	0.2962	0.440738	0.790727	0.366046	0.722176	0.178042	0.466423	0.866384	0.478569	0.433202	0.556183	0.571245	0.768659	0.384142	0.0379252	0.425326	0.700784	0.798717	0.196673	0.802077	0.554877	0.0596413	0.673538	0.0494099	0.356416	0.254619	0.0818359	0.399993	0.787774	0.198117	0.268636	0.259329	0.233838	
0.312684	1.04969	0.47042	0.467462	0.932195	0.959617	0.934166	0.783674	1.03321	0.161831	0.655675	0.690779	0.816497	0.349066	0.562008	0.905218	0.846317	0.315402	0.489246	0.535186	0.742933	0.827684	0.612121	0.32293	0.447786	0.928784	0.450982	0.387374	0.78263	0.483614	0.820725	0.508818	0.636588	0.863322	0.978346	0.484942	0.759786	0.998243	0.744039	0.964282	
0.97121	0.238128	0.954089	0.804163	0.710423	0.528836	0.182135	0.369001	0.170823	1.02587	0.957798	0.584533	0.43361	0.784798	0.831961	0.211195	0.270544	0.801174	0.653852	0.754001	0.987526	0.606097	0.504278	0.854404	0.846561	0.432624	0.84746	0.735776	0.551548	0.716573	0.558451	0.6267	0.528271	0.629515	0.969337	0.809375	0.802746	0.392526	0.420666	0.410044	
0.342108	0.997804	0.943465	0.826584	1.17848	1.09601	0.775022	0.77812	0.938496	0.493159	1.09754	0.334083	0.8934	0.628935	0.131866	0.748972	0.72478	0.528402	0.425936	0.227013	1.18128	1.02965	0.578971	0.384367	0.235366	1.00934	0.231307	0.477396	0.949339	0.325675	0.991545	0.651242	0.741357	1.07551	1.34768	0.222865	1.09312	1.04676	0.778813	1.02749	
0.788657	0.638416	0.214885	0.21141	0.294563	0.400815	0.688217	0.480699	0.671605	0.706	0.129574	0.811843	0.394982	0.409482	0.893071	0.673564	0.618179	0.514392	0.608593	0.802562	0.17661	0.258633	0.521101	0.672086	0.801075	0.436978	0.804963	0.548722	0.281609	0.70193	0.289558	0.386368	0.362354	0.26867	0.334115	0.803234	0.101829	0.508689	0.431335	0.474126	
0.690615	0.399639	0.401852	0.264044	0.335511	0.28519	0.404809	0.196117	0.413009	0.662501	0.411958	0.574854	0.14313	0.341599	0.714337	0.388849	0.332817	0.420296	0.419433	0.616545	0.458675	0.187122	0.275979	0.557237	0.648627	0.245102	0.651907	0.409279	0.111772	0.521804	0.155117	0.210346	0.103241	0.232869	0.533968	0.636473	0.296333	0.316453	0.146012	0.281513	
0.780218	0.191723	0.674849	0.525973	0.492569	0.33571	0.137152	0.0925274	0.161434	0.80413	0.685269	0.491228	0.171537	0.527496	0.7066	0.132014	0.105169	0.563685	0.458068	0.613048	0.722427	0.360988	0.281605	0.650738	0.684519	0.230126	0.68655	0.512582	0.291377	0.545358	0.309905	0.365773	0.253314	0.394909	0.741417	0.656156	0.543326	0.240437	0.142542	0.231758	
0.770247	0.815616	0.111683	0.242121	0.464794	0.584359	0.8414	0.632628	0.843326	0.659001	0.0917811	0.890436	0.564942	0.424406	0.923257	0.823287	0.764032	0.523402	0.66536	0.842713	0.171384	0.44219	0.623623	0.674239	0.817986	0.61828	0.822042	0.580798	0.45859	0.744634	0.471036	0.468999	0.491448	0.451554	0.417884	0.829831	0.266994	0.690914	0.580912	0.655928	
