10	40
41.5803	97.9285
79.5866	90.7479
120.165	151.158
146.397	144.896
61.3348	88.2716
162.385	73.2798
56.7874	25.4017
22.1733	154.456
151.824	140.382
48.8417	132.119
8.40146
4.64811
13.0811
11.865
8.35578
4.8187
9.58084
5.96823
18.3287
6.12993
13.6765
15.4901
6.79813
8.05076
4.58981
6.05542
12.1031
15.4157
3.1919
10.7809
1.13686
10.5202
15.7034
18.9862
9.21883
2.99962
3.3393
13.457
1.87854
2.02846
14.6333
6.31066
6.97475
17.1801
0.51339
3.91784
10.5098
18.6467
6.44321
14.485
0.690048	0.2322	0.513093	0.0888096	0.13634	0.538532	0.315491	0.276931	0.575407	0.553762	0.268274	0.310385	0.700759	0.568104	0.648104	0.394665	0.431705	0.229638	0.606956	0.290425	0.296802	0.336683	0.61719	0.502831	0.157636	0.621083	0.225481	0.537594	0.238067	0.838131	0.136875	0.789795	0.423447	0.565459	0.405984	0.260471	0.371295	0.174517	0.389898	0.221457	
0.738365	0.258318	0.166021	0.546132	0.597725	0.676066	0.769147	0.59073	0.9831	0.569431	0.615349	0.710756	1.12154	0.666235	0.969444	0.798594	0.0424332	0.65785	0.710172	0.177451	0.253079	0.386967	1.06763	0.668575	0.618339	1.05317	0.492322	0.477988	0.555071	0.984523	0.492755	0.978791	0.862872	0.931438	0.369174	0.70189	0.100709	0.409427	0.712629	0.26233	
0.207778	0.775924	0.812141	0.808424	0.829595	0.298395	0.807144	1.10674	0.681458	0.372056	1.08965	1.08743	0.779544	0.284245	0.450988	0.647793	0.901372	0.720362	0.239656	0.906686	0.723446	0.581097	0.894816	0.331163	0.826291	0.794645	1.05769	0.470874	0.602602	0.0831327	0.698053	0.165243	1.09833	0.555282	0.574292	0.751775	0.866259	0.682353	0.507787	0.784676	
0.958955	1.01695	1.25987	0.756079	0.716258	0.821989	0.535037	0.947461	0.301149	0.977294	0.906107	0.81405	0.158407	0.875254	0.461811	0.478485	1.2367	0.621755	0.869441	1.12219	1.0385	0.952943	0.255058	0.787174	0.694818	0.223775	0.984632	1.05487	0.729188	0.836031	0.78259	0.743744	0.677769	0.399021	1.02004	0.584356	1.17492	0.867913	0.602598	1.01298	
0.276058	0.375696	0.504804	0.407262	0.438618	0.118503	0.475866	0.696443	0.50944	0.187906	0.683074	0.695968	0.649235	0.150398	0.40499	0.370859	0.545075	0.357557	0.18671	0.511273	0.340392	0.200465	0.68018	0.0892597	0.440739	0.614372	0.642328	0.249167	0.203992	0.431899	0.287636	0.403499	0.741646	0.410821	0.238344	0.4026	0.496271	0.266219	0.211323	0.382242	
0.734362	0.242577	0.172928	0.528451	0.579923	0.668137	0.751803	0.573176	0.967652	0.564993	0.597525	0.692633	1.10577	0.659663	0.956885	0.78293	0.0345908	0.641147	0.703812	0.159164	0.240964	0.377255	1.05059	0.659579	0.600586	1.0369	0.474766	0.475418	0.540409	0.9782	0.476565	0.970877	0.844591	0.917296	0.362797	0.684904	0.0860441	0.394245	0.699002	0.246141	
0.482143	0.247513	0.126852	0.526881	0.579743	0.44612	0.714056	0.695664	0.856965	0.316703	0.705772	0.774116	0.999732	0.425198	0.787431	0.685651	0.227833	0.585735	0.466798	0.306999	0.173888	0.205077	0.987351	0.449601	0.595456	0.947115	0.604981	0.218673	0.436632	0.738121	0.42312	0.743498	0.891851	0.778233	0.145111	0.636552	0.216672	0.328237	0.559063	0.260498	
0.485681	0.109799	0.299027	0.311837	0.36381	0.374824	0.49723	0.52142	0.664175	0.325027	0.522815	0.575639	0.805661	0.382003	0.637093	0.484506	0.290365	0.370202	0.4265	0.243405	0.0796794	0.0893609	0.777173	0.356347	0.378665	0.745465	0.442933	0.282705	0.233333	0.693578	0.205349	0.671706	0.680164	0.602307	0.14336	0.420463	0.234821	0.110297	0.381832	0.1187	
0.859401	0.598692	0.877459	0.294743	0.241442	0.68707	0.123429	0.41058	0.363309	0.780915	0.368857	0.278662	0.430612	0.736336	0.562115	0.283983	0.806683	0.244168	0.758989	0.664427	0.650312	0.632372	0.283881	0.64241	0.22212	0.33885	0.456629	0.809454	0.410444	0.897399	0.39005	0.819498	0.184233	0.438397	0.710101	0.195697	0.745758	0.48423	0.424063	0.589783	
0.208562	0.622122	0.718861	0.611815	0.629461	0.147007	0.602612	0.913083	0.499891	0.293459	0.893578	0.885921	0.614113	0.172209	0.293619	0.445578	0.780706	0.5168	0.140715	0.757449	0.582813	0.439281	0.708638	0.157969	0.624967	0.614823	0.870688	0.39774	0.40887	0.192967	0.508408	0.157578	0.89361	0.374291	0.456569	0.547224	0.736161	0.507505	0.303124	0.628819	
