10	40
95.6191	41.6493
28.6317	61.5596
108.415	71.3716
72.6026	46.0583
10.8026	68.0253
136.372	66.6319
52.7275	95.7909
15.9731	71.2608
7.81196	156.413
81.1514	68.5467
5.0264
1.59814
5.36707
4.42293
0.993223
20.544
2.2649
5.05529
9.40363
7.04799
15.6536
14.6862
13.7005
0.159378
8.38962
10.1785
18.2088
9.63868
15.8649
8.89328
10.0613
11.8389
12.7384
6.44148
10.0962
9.70414
2.87533
11.9282
9.48629
20.3062
2.88873
13.0084
0.43378
21.8182
13.9085
11.2822
21.7608
2.55589
2.75426
0.6691
0.680786	0.284565	0.354486	0.137233	0.537863	0.27149	0.586813	0.331825	0.189101	0.464219	0.169699	0.267586	0.3442	0.760799	0.622367	0.567534	0.294907	0.291954	0.405914	0.648107	0.428587	0.694512	0.51318	0.348909	0.523958	0.152352	0.400211	0.375338	0.313033	0.35215	0.667577	0.705411	0.757482	0.319398	0.639307	0.4623	0.216841	0.343462	0.567642	0.107207	
0.801952	0.365337	0.231792	0.306309	0.78429	0.0131458	0.743611	0.505721	0.432488	0.297992	0.355324	0.286662	0.070535	0.682948	0.784479	0.828298	0.512947	0.267553	0.615339	0.784595	0.186887	0.841776	0.786748	0.606595	0.304841	0.155953	0.57964	0.0985947	0.451351	0.58412	0.671651	0.861785	0.675438	0.520558	0.888606	0.33747	0.258018	0.60608	0.712075	0.357144	
0.778037	0.212198	0.354871	0.227024	0.651312	0.19401	0.691296	0.436061	0.303038	0.454087	0.269716	0.16902	0.273779	0.795161	0.728268	0.677845	0.311442	0.18486	0.518036	0.748692	0.381257	0.797926	0.591763	0.461304	0.413559	0.149754	0.507079	0.296615	0.273495	0.466111	0.72982	0.810793	0.790166	0.42923	0.752138	0.469448	0.118276	0.405432	0.669164	0.158684	
0.306247	0.906195	0.752928	0.563577	0.190614	0.868097	0.208777	0.362349	0.466469	0.832636	0.514206	0.915517	0.909987	0.80622	0.182944	0.267158	0.764353	0.944966	0.252688	0.259059	0.917609	0.230445	0.584481	0.345055	1.1603	0.711924	0.290704	0.95064	0.883148	0.304727	0.594281	0.204044	0.813281	0.346596	0.192186	0.774177	0.8672	0.641113	0.249972	0.674908	
0.580026	0.683456	0.754038	0.485154	0.142024	0.771574	0.451546	0.388015	0.347752	0.85876	0.444314	0.719536	0.83592	0.97594	0.453752	0.0823415	0.492974	0.757873	0.28653	0.528075	0.889281	0.528116	0.253193	0.175811	1.02712	0.624489	0.363866	0.871774	0.632434	0.244348	0.788567	0.512279	0.97932	0.335878	0.183503	0.820392	0.679941	0.344046	0.473468	0.473564	
0.953309	0.207432	0.683323	0.466002	0.658357	0.520255	0.837759	0.606907	0.431622	0.787551	0.480346	0.288496	0.59989	1.10058	0.864272	0.636354	0.0665704	0.331005	0.625328	0.911113	0.715524	0.944038	0.39614	0.486622	0.632451	0.473042	0.656228	0.614197	0.111054	0.549691	0.996916	0.945178	1.09736	0.570557	0.734495	0.795611	0.287094	0.214814	0.831731	0.236686	
0.103858	0.86505	0.522116	0.449466	0.417441	0.704946	0.10953	0.258275	0.433139	0.57412	0.411363	0.843754	0.722025	0.487973	0.140805	0.51213	0.800746	0.860348	0.269999	0.0938422	0.691438	0.156067	0.758909	0.434853	1.00308	0.565938	0.212884	0.76257	0.877901	0.34369	0.27638	0.185392	0.495164	0.295236	0.480566	0.507258	0.79239	0.731294	0.0705911	0.648656	
0.312389	1.03261	0.846738	0.679285	0.309346	0.980004	0.263331	0.471284	0.589813	0.917454	0.630369	1.04001	1.01707	0.839002	0.224073	0.372147	0.891424	1.06849	0.371998	0.279147	1.01461	0.226893	0.697	0.472442	1.27529	0.825139	0.397336	1.05805	1.01054	0.429761	0.624721	0.192827	0.847538	0.46327	0.27985	0.854891	0.991199	0.765808	0.305862	0.801124	
0.361149	0.987819	0.845722	0.655605	0.24438	0.960812	0.285706	0.455791	0.5543	0.92393	0.606172	1.00091	1.00334	0.878825	0.252414	0.298025	0.835226	1.03157	0.344384	0.32042	1.01083	0.277528	0.623947	0.420998	1.25207	0.80446	0.384185	1.04395	0.959619	0.391412	0.664966	0.245306	0.886594	0.438814	0.202545	0.864463	0.95333	0.703332	0.328563	0.757531	
0.478532	0.505229	0.441982	0.177533	0.303746	0.479989	0.366026	0.138594	0.0564549	0.548091	0.132993	0.506893	0.53607	0.717701	0.396158	0.352916	0.410422	0.535173	0.164357	0.437168	0.578902	0.473871	0.431218	0.136561	0.760088	0.325271	0.18149	0.574268	0.499197	0.1075	0.564108	0.478977	0.718497	0.0958373	0.408018	0.513925	0.457845	0.350007	0.357234	0.275056	
