15	30
145.251	44.2436
172.497	115.383
36.8795	94.444
8.24875	50.1312
59.4605	18.9457
156.823	107.625
84.9176	139.407
68.9993	35.0532
90.6118	106.942
5.4719	38.6675
88.4693	42.9378
67.1785	157.335
37.011	93.2927
47.4736	37.0989
166.505	150.83
28.0936
36.9567
18.0675
33.6599
42.168
1.01909
14.751
17.331
1.16686
9.51035
6.50166
20.7364
22.5255
25.7218
33.9987
26.4044
18.8228
10.0527
9.87928
1.37366
40.8494
31.8946
32.6859
15.2626
24.4674
31.7917
18.9549
14.213
21.3015
6.00622
0.322209	0.340148	0.646573	0.58306	0.485549	0.713372	0.667537	0.220156	0.104017	0.229426	0.432978	0.528518	0.251623	0.57433	0.902691	0.846462	0.42258	0.392015	0.414381	0.114841	0.343308	0.48656	0.183281	0.292958	0.839129	0.269003	0.190273	0.519646	0.402593	0.526974	
0.519256	0.939511	0.41525	0.433381	0.34024	0.461546	0.498063	0.665814	0.726574	0.644994	0.483556	0.401273	0.858718	0.779089	0.130752	0.565082	0.403258	0.524406	0.848889	0.819236	0.721042	0.799292	0.81186	0.812685	0.544174	1.03509	0.713951	0.852529	0.524562	0.302179	
0.621578	0.603164	0.386581	0.980684	0.6872	0.327019	0.299424	0.612399	0.740116	0.847853	0.491616	0.478109	1.03427	1.22196	0.918966	0.260911	0.691952	0.888781	0.455317	0.906569	1.02185	0.355084	0.957038	1.0422	0.277911	0.80437	0.886542	0.355172	0.487876	0.728148	
0.539429	0.189268	0.773357	0.880019	0.727497	0.816231	0.759159	0.390868	0.364219	0.531558	0.5916	0.690798	0.522977	0.87219	1.15249	0.914045	0.669987	0.690386	0.338172	0.40608	0.64597	0.439867	0.472688	0.579923	0.913692	0.0411065	0.496873	0.438809	0.55082	0.777639	
0.561474	0.533575	0.357476	0.932899	0.640091	0.310447	0.271719	0.544525	0.671554	0.784153	0.436078	0.433601	0.966561	1.16307	0.899882	0.279574	0.639964	0.832194	0.385132	0.837734	0.958972	0.284402	0.889264	0.976178	0.29303	0.73404	0.820767	0.287269	0.428553	0.683829	
0.48507	0.0470823	0.660383	0.870626	0.673171	0.693399	0.634583	0.338476	0.365268	0.544776	0.502601	0.596341	0.596603	0.921873	1.09008	0.778657	0.62263	0.689214	0.192488	0.463924	0.688866	0.293679	0.532875	0.642826	0.780116	0.174696	0.528591	0.287316	0.461002	0.726724	
0.461312	0.07789	0.581667	0.86808	0.641822	0.606019	0.546447	0.328341	0.392017	0.567721	0.448842	0.534662	0.656308	0.959498	1.04541	0.680581	0.598286	0.69683	0.0945064	0.519164	0.726561	0.190492	0.58651	0.694624	0.683427	0.279989	0.564545	0.178846	0.408465	0.696571	
0.185646	0.627067	0.406678	0.238639	0.0858672	0.489952	0.478162	0.325401	0.343975	0.245182	0.267059	0.280952	0.465166	0.491178	0.467465	0.6426	0.060493	0.160047	0.586997	0.419096	0.350662	0.582632	0.413009	0.427333	0.626385	0.672159	0.31429	0.638055	0.286406	0.0992954	
0.320826	0.482435	0.667747	0.464296	0.436679	0.743512	0.706382	0.285706	0.162996	0.123671	0.455988	0.537833	0.136966	0.426471	0.826801	0.888014	0.375023	0.277839	0.537414	0.0574098	0.195339	0.595399	0.060554	0.154908	0.877555	0.41258	0.0579787	0.6358	0.436762	0.466136	
0.390775	0.592596	0.734926	0.421857	0.466646	0.814232	0.782402	0.385314	0.269779	0.157446	0.530541	0.601838	0.0823376	0.321275	0.819975	0.962964	0.410493	0.256945	0.646632	0.14519	0.101656	0.701189	0.0795302	0.0502816	0.950932	0.510962	0.105545	0.743261	0.517558	0.484591	
0.503626	0.772449	0.824208	0.354671	0.514651	0.906981	0.884937	0.539293	0.438918	0.280951	0.640178	0.691573	0.223996	0.138249	0.784299	1.05963	0.473277	0.269106	0.815422	0.328672	0.105594	0.860276	0.2614	0.157513	1.04508	0.693731	0.265182	0.906186	0.637312	0.512888	
0.190608	0.264307	0.458952	0.575252	0.379988	0.519628	0.470641	0.0408384	0.125488	0.279741	0.253939	0.35428	0.421967	0.677878	0.803493	0.647337	0.325769	0.401295	0.262744	0.290002	0.449418	0.308396	0.344915	0.440941	0.640971	0.329938	0.292143	0.351872	0.216934	0.431975	
0.266735	0.486854	0.613804	0.414477	0.37468	0.69113	0.656402	0.254648	0.148025	0.0638129	0.404714	0.482424	0.184573	0.419916	0.766305	0.837725	0.313236	0.224689	0.524457	0.115141	0.187178	0.573173	0.115174	0.181877	0.826515	0.442626	0.0269614	0.617158	0.38884	0.404061	
0.132311	0.391231	0.472553	0.448922	0.296757	0.54605	0.507194	0.107884	0.0902255	0.152723	0.258546	0.346548	0.335773	0.550616	0.719414	0.688828	0.234882	0.269728	0.393564	0.225997	0.327663	0.428163	0.260344	0.338095	0.678793	0.414169	0.182401	0.476036	0.237155	0.341841	
0.506558	0.417373	0.382907	0.903113	0.616666	0.359854	0.307723	0.462522	0.584787	0.714382	0.398746	0.423563	0.881322	1.10437	0.92561	0.372089	0.605019	0.78235	0.270323	0.748461	0.890265	0.172027	0.8042	0.897134	0.381525	0.619247	0.743666	0.169463	0.380618	0.665595	
