15	20
59.4266	157.102
165.546	90.4905
21.7127	114.731
58.3698	73.0484
46.9369	144.398
175.143	41.7282
125.107	103.23
7.42603	74.0043
135.056	156.443
148.397	155.53
72.9198	33.6184
117.369	159.234
47.7134	51.4368
64.2904	32.6924
166.915	72.9054
33.0697
18.0627
17.5876
32.1437
10.3441
67.5142
72.0977
7.10956
71.8454
70.7395
33.5909
47.0846
39.3598
11.1867
14.623
37.458
19.8485
8.62023
60.7307
57.2795
0.652444	0.869071	0.623725	0.628737	0.419941	0.741381	0.881326	0.509088	0.525733	0.52953	0.701583	0.434836	0.943914	0.871355	0.701406	0.74615	0.310485	0.44106	0.484218	0.519953	
0.716977	0.854249	0.498761	0.517991	0.445944	0.625026	0.878776	0.390814	0.543479	0.414479	0.703529	0.506728	0.888003	0.886184	0.67725	0.764031	0.186597	0.340687	0.350952	0.561653	
0.453854	0.36482	0.504623	0.40119	0.206953	0.506856	0.399289	0.401514	0.185263	0.38697	0.242364	0.376136	0.435879	0.434619	0.186031	0.332229	0.416125	0.297066	0.544307	0.280011	
0.058984	0.533244	1.00099	0.909742	0.361186	1.01863	0.476066	0.883831	0.327345	0.877338	0.382127	0.262726	0.794836	0.380584	0.511445	0.309537	0.811281	0.769785	0.989357	0.242428	
0.14266	0.578195	0.884322	0.80851	0.241243	0.924336	0.542293	0.761313	0.261789	0.759795	0.397013	0.0931034	0.799115	0.473419	0.498519	0.365854	0.661873	0.647506	0.847706	0.163965	
0.306467	0.515199	0.661328	0.589386	0.0465952	0.707095	0.511693	0.538099	0.149364	0.536871	0.333084	0.141605	0.667082	0.488996	0.376106	0.363502	0.449121	0.424342	0.629492	0.139944	
0.767033	0.515043	0.276273	0.146333	0.509561	0.208618	0.585153	0.250302	0.499665	0.219202	0.497192	0.67996	0.375084	0.665553	0.370327	0.598829	0.414775	0.241106	0.418842	0.594892	
0.474324	0.76651	0.718265	0.689458	0.29671	0.809283	0.763252	0.593234	0.401239	0.605362	0.58505	0.257154	0.895494	0.733745	0.61866	0.609029	0.425366	0.497832	0.616784	0.36748	
0.757944	0.564477	0.218008	0.0970794	0.480783	0.203082	0.628495	0.166827	0.489254	0.136786	0.51863	0.647729	0.455042	0.698406	0.40352	0.618548	0.32867	0.157435	0.337325	0.579017	
0.457056	0.412055	0.488452	0.393989	0.185192	0.505325	0.443437	0.378414	0.190182	0.367157	0.280042	0.355963	0.480361	0.472193	0.234364	0.36393	0.374521	0.268976	0.512352	0.276775	
0.551294	0.395465	0.419259	0.308582	0.296618	0.410559	0.445676	0.327153	0.282945	0.308048	0.312865	0.467397	0.396342	0.499952	0.216823	0.410368	0.384545	0.235857	0.483271	0.377541	
0.643585	0.480354	0.319232	0.209674	0.370797	0.316786	0.536967	0.232933	0.374829	0.211127	0.412326	0.539871	0.427783	0.59745	0.307893	0.510447	0.327433	0.158486	0.396296	0.465305	
0.0662194	0.563062	0.984418	0.898376	0.338958	1.00995	0.510929	0.864813	0.321053	0.860121	0.401394	0.22116	0.815372	0.421185	0.524808	0.338993	0.781431	0.750479	0.963117	0.22806	
0.622416	0.170354	0.65841	0.528465	0.512697	0.574415	0.252454	0.609741	0.429111	0.582142	0.286796	0.653952	0.128111	0.361659	0.184046	0.362922	0.711697	0.548158	0.779528	0.516484	
0.0894338	0.411435	0.917385	0.817821	0.304399	0.921853	0.357527	0.805795	0.239923	0.795917	0.260972	0.269176	0.672464	0.270135	0.393103	0.187294	0.758142	0.69359	0.925609	0.181826	
