10	40
147.292	92.4322
152.371	30.2461
163.85	50.8496
179.426	153.339
0.943189	144.001
146.227	110.797
161.826	139.052
138.171	56.6074
122.02	13.3441
74.1072	74.7689
2.88055
9.56799
11.2755
12.3454
6.81503
2.14545
12.6633
14.3422
1.75555
5.52503
0.380093
13.9075
3.84066
6.52502
5.52955
10.2413
12.2076
11.2023
15.6022
7.46306
8.19725
8.80671
0.930879
7.28405
0.185553
2.0939
1.55742
10.8791
0.569128
10.455
14.3486
1.04885
5.73189
15.6241
0.254754
5.11332
10.6594
9.43617
0.473109
8.61447
0.728431	0.612748	0.0961742	0.60564	0.692662	0.205688	0.162755	0.230765	0.788841	0.678196	0.453758	0.789449	0.699002	0.842302	0.253433	0.43788	0.333672	0.536956	0.307072	0.434117	0.314134	0.677163	0.104608	0.78774	0.0862444	0.46606	0.429599	0.433683	0.530439	0.310928	0.339601	0.664727	0.0703843	0.431737	0.145064	0.763404	0.593821	0.401074	0.128605	0.639996	
0.46928	0.753444	0.512596	1.06031	0.424327	0.681405	0.738422	0.672912	0.464257	0.876321	0.838861	0.522799	0.633835	0.774724	0.543767	0.287703	0.281291	0.974939	0.815347	0.149181	0.636806	0.486641	0.686774	0.558118	0.658766	0.634522	0.931552	0.875798	0.587693	0.298274	0.254711	0.608759	0.624906	0.168674	0.531904	0.438198	0.0250634	0.923311	0.529569	0.554745	
0.254114	0.378147	0.37815	0.744408	0.219579	0.447749	0.573676	0.672568	0.317726	0.502033	0.514992	0.315543	0.290882	0.444941	0.279016	0.0984437	0.212239	0.65835	0.565281	0.310296	0.702447	0.208101	0.548651	0.318094	0.509165	0.271156	0.657703	0.573541	0.212162	0.226333	0.249846	0.259052	0.471652	0.249241	0.34476	0.294042	0.363501	0.666048	0.51128	0.211709	
0.245228	0.397638	0.780287	0.894343	0.288751	0.775472	0.930482	1.08905	0.280739	0.482529	0.700757	0.20366	0.182588	0.130135	0.630061	0.515588	0.640694	0.823485	0.850668	0.710504	1.12913	0.234632	0.924459	0.158723	0.884204	0.458735	0.895394	0.784948	0.359268	0.655877	0.67541	0.213632	0.85039	0.650589	0.729499	0.297116	0.691168	0.92414	0.932074	0.23297	
0.255763	0.229723	0.629833	0.725728	0.279557	0.605806	0.763319	0.941892	0.32894	0.331803	0.526378	0.257492	0.0312776	0.127826	0.469078	0.417333	0.528963	0.6522	0.676116	0.627347	0.992858	0.195362	0.761755	0.212319	0.721922	0.284933	0.720138	0.610068	0.191202	0.53989	0.568739	0.0614103	0.68975	0.565799	0.573735	0.330596	0.647266	0.748688	0.790534	0.111594	
0.75766	0.824978	0.323272	0.92398	0.712486	0.513683	0.476683	0.28841	0.789345	0.919943	0.750267	0.821093	0.823636	0.978304	0.476093	0.45139	0.325545	0.851	0.628134	0.295444	0.229342	0.735718	0.413654	0.838624	0.407221	0.673031	0.751478	0.745624	0.69273	0.311943	0.291247	0.789937	0.39107	0.339491	0.386223	0.761125	0.429844	0.723415	0.202774	0.747325	
0.483477	0.730343	0.455485	1.01447	0.437308	0.628825	0.680221	0.612172	0.488567	0.850861	0.795998	0.540711	0.629201	0.775138	0.497425	0.261886	0.232455	0.929717	0.762799	0.0909638	0.578397	0.491409	0.627666	0.572117	0.600446	0.604033	0.880607	0.829011	0.566389	0.24723	0.201347	0.601883	0.567146	0.123695	0.478151	0.46138	0.0787743	0.870631	0.46839	0.548852	
0.338124	0.156631	0.437082	0.577506	0.332785	0.402854	0.560008	0.748906	0.420869	0.280414	0.356963	0.375247	0.190756	0.321695	0.269126	0.31218	0.389192	0.495791	0.480196	0.517399	0.808967	0.262103	0.559422	0.347299	0.519839	0.0908678	0.538037	0.4339	0.0171954	0.393301	0.432501	0.160772	0.488571	0.459211	0.376893	0.408693	0.585226	0.561061	0.604009	0.164894	
0.729902	0.5833	0.108534	0.556094	0.696298	0.159878	0.12251	0.263935	0.79389	0.642229	0.408315	0.789554	0.684755	0.824175	0.233738	0.450287	0.355925	0.487956	0.257421	0.46725	0.356139	0.674763	0.0747529	0.784743	0.0426754	0.440472	0.380047	0.38518	0.512496	0.333743	0.367109	0.650957	0.021714	0.459507	0.134025	0.76928	0.625334	0.352105	0.177793	0.629906	
0.134736	0.379382	0.685255	0.870145	0.175372	0.701356	0.850795	0.989806	0.188414	0.485982	0.660907	0.110646	0.140116	0.197292	0.546153	0.403191	0.530094	0.793338	0.789384	0.595042	1.02409	0.119682	0.839032	0.0616779	0.798617	0.401122	0.847776	0.741413	0.294301	0.546301	0.563351	0.156293	0.763333	0.5354	0.639146	0.197891	0.576771	0.871645	0.83044	0.148897	
