10	40
102.078	93.7178
113.321	13.4148
107.949	63.3862
179.757	121.173
46.8808	158.748
55.7222	98.9394
54.3051	14.6204
162.311	20.565
14.7085	19.4193
96.605	88.2064
9.72828
5.16346
8.58669
0.400826
13.449
12.7217
12.5418
11.4931
3.3215
1.34952
14.3671
13.3731
11.7726
8.45324
7.29612
6.74332
12.8201
13.6144
12.6356
11.0226
0.512928
10.4287
7.06584
3.43473
14.1844
2.26069
10.772
8.50189
8.49679
9.01596
13.3602
0.213045
7.30277
8.6514
7.64391
0.672506
9.57161
9.69694
13.861
9.59339
0.428579	0.440741	0.655958	0.610659	0.26753	0.218224	0.284576	0.45633	0.71517	0.181238	0.240095	0.167136	0.652924	0.567631	0.32048	0.432427	0.114465	0.330082	0.627573	0.382972	0.402166	0.105039	0.384974	0.542329	0.444295	0.312058	0.521327	0.109406	0.413114	0.18128	0.338987	0.540325	0.515137	0.362113	0.378295	0.366899	0.179933	0.513312	0.48671	0.308086	
1.00906	0.383574	1.24132	0.909891	0.581713	0.400766	0.304389	0.94107	0.941719	0.736224	0.769414	0.656577	0.952484	0.0670339	0.886978	0.529603	0.481709	0.852975	0.891349	0.398744	0.488793	0.683877	0.953469	1.12089	0.84946	0.506151	0.96954	0.506793	0.83039	0.480112	0.706679	0.953263	0.947838	0.608066	0.959647	0.694346	0.688367	0.763497	0.907926	0.283871	
0.494146	0.395876	0.809015	1.0336	0.198552	0.569142	0.535325	0.254653	1.14315	0.555609	0.277724	0.268468	1.07414	0.702419	0.625081	0.256007	0.486261	0.692556	0.197843	0.755996	0.281743	0.480291	0.416619	0.752743	0.854165	0.723233	0.238043	0.509982	0.822272	0.581038	0.765826	0.937925	0.90669	0.149259	0.468555	0.795997	0.271084	0.942943	0.169465	0.571609	
0.84835	0.477185	1.03212	0.628785	0.544923	0.205937	0.210014	0.858195	0.663933	0.522501	0.652618	0.551534	0.671381	0.310797	0.667629	0.586767	0.310964	0.612547	0.918487	0.118129	0.540176	0.493315	0.808754	0.903405	0.57821	0.23442	0.908772	0.317397	0.56218	0.25991	0.438175	0.679548	0.677414	0.610498	0.798147	0.420452	0.577643	0.482383	0.859028	0.174454	
0.776264	0.578815	0.920565	0.468898	0.575415	0.202992	0.286884	0.837893	0.510566	0.425601	0.62206	0.538193	0.511835	0.467043	0.557687	0.662277	0.28869	0.486378	0.959664	0.0424809	0.617165	0.419988	0.749588	0.788183	0.424661	0.095159	0.899971	0.275274	0.411569	0.201106	0.28964	0.523325	0.523784	0.656421	0.72751	0.266214	0.557717	0.32283	0.859609	0.261884	
0.267541	0.580218	0.488576	0.609497	0.351139	0.379862	0.454759	0.375748	0.730218	0.122799	0.179388	0.20101	0.64611	0.736962	0.185623	0.53725	0.281217	0.244406	0.637478	0.522173	0.517839	0.0913441	0.239396	0.381406	0.419194	0.425521	0.455253	0.265523	0.387911	0.324239	0.365362	0.493587	0.460751	0.436887	0.217742	0.40487	0.183778	0.548736	0.442387	0.477802	
0.339263	0.854741	0.321161	0.461305	0.638628	0.565898	0.673807	0.586821	0.59117	0.238252	0.446077	0.488765	0.482983	0.959206	0.102191	0.823764	0.49666	0.121769	0.902034	0.636652	0.802034	0.311711	0.379662	0.187325	0.280462	0.513394	0.671514	0.465163	0.262958	0.48735	0.33979	0.293552	0.255914	0.724555	0.319177	0.379666	0.469929	0.47416	0.680575	0.686043	
0.567877	0.758081	0.620751	0.255971	0.624463	0.378991	0.503057	0.735921	0.370867	0.237565	0.533781	0.509194	0.296873	0.763383	0.290331	0.780885	0.364248	0.188119	0.974543	0.37478	0.74549	0.299906	0.573657	0.487027	0.0996935	0.252178	0.815529	0.326586	0.0767995	0.300353	0.0487488	0.20578	0.194899	0.719034	0.528565	0.0812047	0.509061	0.194187	0.799617	0.500462	
0.80509	0.650684	0.926071	0.414469	0.639624	0.269816	0.358682	0.886639	0.445489	0.448188	0.669605	0.592397	0.455863	0.529239	0.568746	0.73255	0.347146	0.487143	1.02388	0.108818	0.6877	0.454985	0.784537	0.792387	0.396473	0.120598	0.951924	0.328732	0.388365	0.254521	0.273838	0.48861	0.493828	0.722807	0.757578	0.241953	0.609655	0.267902	0.914561	0.333729	
0.521628	0.259558	0.822781	0.91165	0.034513	0.402519	0.360612	0.361886	1.01218	0.462172	0.259892	0.180549	0.954334	0.54069	0.566736	0.162651	0.330399	0.610645	0.354525	0.587872	0.158611	0.380215	0.44748	0.740825	0.745491	0.567023	0.379444	0.359592	0.714054	0.42536	0.639031	0.838943	0.811656	0.0601411	0.482562	0.663753	0.20351	0.806984	0.316602	0.396881	
