15	40
20.1665	146.588
36.5609	13.3835
83.9246	89.449
50.9429	101.128
60.6132	64.2482
19.8062	89.0324
25.2691	67.2715
44.9721	17.0032
4.06017	51.4258
27.1783	71.9397
14.9086	119.198
13.456	142.73
61.5166	65.9879
52.6516	24.708
81.0504	13.9729
21.0535
16.0397
8.03412
12.5698
17.0751
1.59086
16.3192
16.5781
17.3002
19.8241
15.6588
9.43615
11.4616
12.0805
21.0751
20.2312
18.4194
16.8786
5.37216
13.447
16.3717
6.67771
11.0396
18.1482
8.63851
4.02693
5.85116
20.0474
14.2979
14.9257
12.4832
11.7976
1.25368
17.033
16.2316
13.5137
9.58672
21.4401
19.2325
5.99018
0.0968839	0.67802	0.682748	0.305935	0.632768	0.385156	0.887704	0.789447	0.462083	0.737891	0.637948	0.787947	0.325128	0.307211	0.12782	0.714646	0.259811	0.29708	0.630109	0.552385	0.201213	0.723772	0.538943	0.486514	0.870457	0.25654	0.537365	0.320757	0.511029	0.765145	0.561399	0.253536	0.65749	0.184215	0.196998	0.344324	0.365515	0.661589	0.128333	0.369124	
0.324632	0.282171	0.276305	0.27534	0.238337	0.574246	0.625763	0.431849	0.204788	0.54904	0.69938	0.853676	0.137531	0.123149	0.345124	0.521515	0.318701	0.5601	0.230241	0.695028	0.206858	0.658967	0.150589	0.755287	0.754715	0.659534	0.21341	0.649261	0.384615	0.855089	0.432703	0.4093	0.31859	0.578749	0.314983	0.62375	0.433155	0.603874	0.529108	0.219916	
0.538866	0.0668784	0.105899	0.491965	0.209224	0.793835	0.673816	0.409962	0.211399	0.658246	0.892029	1.04	0.358016	0.30577	0.524967	0.632423	0.450514	0.783602	0.0407808	0.904699	0.416902	0.814694	0.0748516	0.977768	0.879984	0.852519	0.317525	0.872034	0.55348	1.04773	0.591435	0.631842	0.356444	0.768293	0.538518	0.847259	0.645809	0.767525	0.724399	0.423298	
0.393561	0.925943	0.943513	0.599672	0.915022	0.586561	1.18226	1.08286	0.671364	1.02612	0.859711	0.991988	0.617695	0.563487	0.336957	1.00413	0.420399	0.476549	0.883899	0.744248	0.481414	0.98499	0.789978	0.595288	1.13869	0.0877976	0.831359	0.418608	0.799539	0.958605	0.847348	0.515059	0.951965	0.113959	0.488066	0.488757	0.6284	0.925034	0.171032	0.665905	
0.321004	0.625669	0.589804	0.127364	0.464711	0.247771	0.517099	0.518048	0.571009	0.346425	0.3195	0.47597	0.252119	0.402196	0.458828	0.326566	0.540211	0.299923	0.57321	0.32321	0.332791	0.330809	0.520041	0.442405	0.470153	0.61791	0.312093	0.41703	0.126903	0.474587	0.167151	0.173347	0.394811	0.569592	0.208272	0.351913	0.0865088	0.268265	0.513587	0.161775	
0.454644	0.945737	0.916825	0.403974	0.798533	0.104148	0.779807	0.844722	0.835104	0.591086	0.249501	0.355614	0.539937	0.652295	0.589221	0.582985	0.712166	0.177442	0.892391	0.111917	0.544359	0.439931	0.826535	0.122914	0.593973	0.554379	0.647108	0.228256	0.435745	0.319035	0.446552	0.276217	0.727259	0.55336	0.382846	0.151557	0.255776	0.398899	0.514816	0.477966	
0.555617	0.997517	0.9617	0.467677	0.832788	0.199971	0.743541	0.848989	0.914847	0.556707	0.163924	0.23858	0.606076	0.733897	0.695316	0.554102	0.813586	0.294021	0.944848	0.0491433	0.633258	0.37395	0.887474	0.206543	0.51756	0.674745	0.678679	0.347073	0.444936	0.199394	0.441015	0.364509	0.742449	0.67316	0.470775	0.271976	0.309262	0.3471	0.633442	0.529794	
0.196344	0.480568	0.499372	0.331637	0.488766	0.548819	0.845807	0.680068	0.239055	0.733974	0.757676	0.915509	0.251064	0.127744	0.113585	0.707311	0.0841802	0.487616	0.438657	0.705446	0.125548	0.785338	0.34472	0.688653	0.911052	0.441786	0.443618	0.537581	0.525131	0.902993	0.579255	0.381451	0.559727	0.356693	0.277698	0.544804	0.464658	0.723667	0.317285	0.343413	
0.129039	0.47825	0.473451	0.162862	0.413242	0.413273	0.700083	0.573369	0.318308	0.573699	0.596275	0.754591	0.108707	0.135423	0.199759	0.547728	0.252425	0.3774	0.42715	0.557716	0.0444503	0.616229	0.342044	0.578463	0.743394	0.476232	0.322442	0.456779	0.358531	0.745463	0.412688	0.240908	0.44318	0.400633	0.134689	0.440154	0.304708	0.554566	0.346784	0.181471	
0.537478	0.26826	0.20709	0.389343	0.0593097	0.670273	0.409759	0.175423	0.411708	0.399974	0.694582	0.828489	0.307408	0.379379	0.592766	0.375653	0.575611	0.696735	0.232342	0.740557	0.438905	0.578474	0.254596	0.865102	0.623572	0.888167	0.11538	0.80519	0.349284	0.844956	0.371438	0.541135	0.0905175	0.812621	0.482008	0.757218	0.507871	0.540268	0.758962	0.303043	
0.132993	0.558337	0.542702	0.0812126	0.456166	0.304743	0.662579	0.582743	0.426738	0.514869	0.488119	0.646222	0.147517	0.244449	0.264341	0.490948	0.34917	0.281956	0.505408	0.446355	0.147451	0.52571	0.42866	0.478198	0.662592	0.469537	0.333798	0.375768	0.289154	0.635536	0.341345	0.133699	0.449445	0.406447	0.0413863	0.345616	0.195272	0.463156	0.349409	0.149526	
0.638992	1.1122	1.07824	0.576359	0.951307	0.28657	0.855362	0.968996	1.01651	0.670482	0.265768	0.279343	0.714401	0.834066	0.77201	0.669515	0.896185	0.355857	1.05925	0.168679	0.727957	0.476628	0.998753	0.195845	0.60921	0.702082	0.797366	0.372171	0.565137	0.229769	0.560931	0.458748	0.862661	0.714707	0.565816	0.314484	0.420118	0.457617	0.682274	0.643242	
0.189123	0.791223	0.788531	0.339228	0.720225	0.298108	0.910864	0.853658	0.591939	0.744173	0.568599	0.707936	0.405563	0.426514	0.263041	0.724054	0.395036	0.192826	0.741041	0.462675	0.311228	0.689821	0.653207	0.361592	0.844357	0.222276	0.604723	0.187941	0.521059	0.678817	0.564865	0.225299	0.72038	0.192068	0.230964	0.225483	0.33582	0.630323	0.147094	0.419249	
0.484477	0.179441	0.138297	0.381263	0.0767474	0.680451	0.528081	0.287423	0.294091	0.501514	0.749083	0.892919	0.265751	0.289592	0.513786	0.475558	0.477514	0.68781	0.131624	0.77467	0.372102	0.660068	0.135211	0.871494	0.722993	0.826372	0.162645	0.787719	0.405123	0.903647	0.43936	0.531293	0.206322	0.746489	0.452911	0.750737	0.523579	0.614796	0.695904	0.301181	
0.497808	0.30713	0.250663	0.339356	0.10392	0.616567	0.396153	0.198594	0.415714	0.363415	0.641811	0.777585	0.268204	0.35896	0.563211	0.337845	0.557287	0.645225	0.265614	0.686174	0.405864	0.531915	0.270218	0.811498	0.585845	0.849507	0.0629121	0.754838	0.29588	0.792996	0.320184	0.49034	0.0781967	0.775932	0.43576	0.705209	0.454011	0.491328	0.721333	0.253073	
