10	20
44.5444	109.994
65.8939	107.744
46.3455	116.746
170.312	151.437
50.351	42.8957
57.3485	108.597
157.582	100.216
66.5925	93.2956
161.051	29.4707
133.985	138.375
14.529
11.6887
4.05585
18.4938
15.4781
3.19905
29.7442
15.8829
16.3887
5.29052
6.99058
27.6467
29.5378
25.0849
30.4445
23.2172
5.88712
6.39997
28.5264
14.4372
0.933778	0.532782	0.724087	0.882173	0.318104	0.214659	1.00605	1.10269	0.510605	0.322735	0.763715	0.662628	0.122588	0.976159	0.49254	0.88058	0.53205	0.864193	0.443937	1.11856	
0.930734	0.554704	0.631025	0.9074	0.3952	0.272214	0.960448	1.04148	0.456398	0.297727	0.800095	0.592475	0.252654	0.982654	0.569408	0.777736	0.584539	0.903379	0.477597	1.07993	
0.928449	0.518195	0.788788	0.855973	0.269877	0.202483	1.03195	1.13944	0.553183	0.357637	0.730914	0.711959	0.0333224	0.962985	0.433961	0.950935	0.492695	0.827472	0.424493	1.13803	
0.483772	0.0810654	0.530904	0.434147	0.212605	0.244535	0.615048	0.743651	0.259874	0.19972	0.328666	0.398377	0.416131	0.522472	0.232416	0.697999	0.158182	0.432397	0.0478232	0.708084	
0.556457	0.145	0.59068	0.48783	0.130892	0.180049	0.696772	0.824718	0.315524	0.199898	0.370389	0.46521	0.34331	0.589365	0.184612	0.759992	0.153314	0.472332	0.0508659	0.789177	
0.420513	0.0869814	0.46572	0.401263	0.296679	0.313938	0.531252	0.658716	0.207734	0.220581	0.316453	0.326961	0.489317	0.468212	0.304957	0.629119	0.211353	0.417698	0.129593	0.627126	
0.389312	0.634928	0.437048	0.577685	0.883898	0.879965	0.0815907	0.0765838	0.534253	0.721845	0.643164	0.401566	1.05397	0.459317	0.863077	0.43981	0.750381	0.669026	0.714087	0.159628	
0.52455	0.274448	0.824919	0.364558	0.320906	0.439195	0.77479	0.925609	0.566365	0.496561	0.236918	0.682845	0.546011	0.513925	0.146142	0.984613	0.155433	0.295412	0.276484	0.827053	
0.206972	0.371751	0.758054	0.0228625	0.603191	0.684566	0.512296	0.666714	0.58751	0.640711	0.143345	0.618485	0.838842	0.160019	0.471248	0.879558	0.381613	0.0855904	0.455409	0.519267	
0.302707	0.138026	0.468286	0.30721	0.40051	0.430923	0.433526	0.571929	0.259152	0.33227	0.25396	0.322641	0.605285	0.354112	0.366554	0.617258	0.255568	0.344186	0.224607	0.519265	
