10	40
158.397	17.2689
61.8764	145.989
118.025	38.9837
165.759	38.0515
101.905	157.746
46.3322	53.6457
5.46597	49.6664
134.414	18.8877
147.29	21.1341
147.09	85.7282
5.33894
5.2818
10.2668
10.1428
1.92747
3.21096
5.26418
3.82065
2.43309
6.70956
4.14722
5.83503
3.07914
5.36605
8.96942
8.17364
0.733986
0.417433
1.55754
3.04118
3.47522
3.2616
10.203
5.94036
7.32514
8.85398
9.85746
6.82357
5.58934
1.65293
7.01951
2.26794
5.14012
3.54859
5.51623
8.71133
3.3353
4.83542
1.397
8.56266
0.801013	0.981111	0.772276	0.368022	1.04416	0.371197	0.0713084	0.323813	0.171569	0.843798	0.918534	0.591296	0.414707	0.398652	0.537822	0.515618	0.711331	0.823076	0.951985	0.766944	0.288032	0.289037	0.686643	0.49067	0.277475	0.577068	0.410245	0.804322	0.565357	0.325326	0.346697	0.201577	0.358636	0.787519	0.85164	0.662182	0.921341	0.592793	0.742173	0.38886	
0.176437	0.13522	0.509128	0.640238	0.634645	0.726881	0.96461	0.771075	0.814666	0.546368	0.121861	0.614478	0.954851	0.630481	1.0037	0.675684	0.263127	0.24675	0.308653	0.392118	0.777619	1.08691	0.493189	0.498608	0.69633	0.560714	0.909219	0.420646	0.540508	0.917422	0.822608	0.856877	1.08992	0.358879	0.419081	0.350696	0.627262	0.750135	0.330626	0.969494	
0.61184	0.454128	0.265739	0.683368	0.0494091	0.994442	0.987839	1.0137	0.869352	0.191421	0.47292	0.446007	0.773599	0.645903	1.32732	0.527752	0.576662	0.756364	0.278258	0.87872	0.749922	0.983386	0.93782	0.763295	0.812479	0.460007	0.737534	0.926622	0.911565	0.798239	0.721627	1.03164	0.944054	0.855869	0.22873	0.491057	0.139792	0.496675	0.399307	0.802853	
0.82732	0.900732	0.535274	0.388661	0.734034	0.701614	0.393682	0.678082	0.389219	0.573061	0.856778	0.35762	0.0502058	0.370937	0.971613	0.283665	0.724603	0.92162	0.79031	0.939938	0.275452	0.264197	0.908882	0.642386	0.462328	0.399901	0.0681337	0.99173	0.801725	0.1414	0.18038	0.600437	0.205995	0.944207	0.647521	0.609548	0.607487	0.2518	0.635069	0.0803929	
0.787925	0.915946	0.61876	0.306576	0.865052	0.528178	0.178777	0.495609	0.207819	0.677544	0.861302	0.425858	0.165043	0.312593	0.768629	0.340835	0.686413	0.852393	0.843308	0.838373	0.16603	0.143837	0.785408	0.534493	0.316569	0.437467	0.165057	0.885551	0.668317	0.0798797	0.14477	0.401337	0.163747	0.849868	0.717822	0.596907	0.737653	0.382146	0.652584	0.139706	
0.222305	0.380425	0.678037	0.65438	0.858396	0.604517	0.9312	0.65558	0.787279	0.734362	0.342613	0.724925	1.01017	0.660266	0.824771	0.763284	0.311905	0.104659	0.537181	0.188631	0.794353	1.09628	0.300534	0.434213	0.660988	0.661319	0.966243	0.193602	0.390663	0.951929	0.863173	0.764657	1.11685	0.15561	0.61445	0.441108	0.828154	0.861814	0.474966	1.01722	
0.137205	0.106956	0.393235	0.538652	0.545367	0.673249	0.870723	0.712763	0.721389	0.436063	0.0417253	0.495705	0.840345	0.524952	0.97253	0.558592	0.180754	0.267283	0.224854	0.405373	0.672546	0.98028	0.489933	0.432016	0.608613	0.443055	0.794711	0.445793	0.51013	0.80679	0.711651	0.786139	0.979567	0.376657	0.310474	0.239964	0.522921	0.631013	0.211464	0.856104	
0.927495	1.03862	0.70645	0.449776	0.925092	0.672569	0.284437	0.636524	0.355563	0.753858	0.987607	0.51705	0.159956	0.449665	0.888932	0.433564	0.824872	0.998931	0.94913	0.989019	0.309215	0.0777358	0.936684	0.684886	0.467812	0.543696	0.196062	1.03654	0.819354	0.159281	0.254472	0.53243	0.0135579	0.999915	0.813828	0.726512	0.797592	0.436225	0.771861	0.130044	
0.320606	0.560444	0.645949	0.416062	0.903347	0.265424	0.620801	0.316613	0.48938	0.723369	0.496584	0.59659	0.776431	0.439644	0.521148	0.596951	0.300103	0.258188	0.641297	0.167411	0.538214	0.812229	0.104884	0.163163	0.368112	0.532969	0.737841	0.205877	0.0572044	0.700066	0.625694	0.428993	0.847669	0.190959	0.639625	0.380716	0.827202	0.713521	0.468765	0.774682	
0.257021	0.380949	0.706611	0.705767	0.871824	0.660211	0.986556	0.711422	0.842105	0.758745	0.351965	0.764974	1.05903	0.710212	0.874391	0.807023	0.353167	0.157489	0.547138	0.240757	0.8462	1.1495	0.351961	0.489494	0.715871	0.702368	1.01478	0.238681	0.445791	1.00273	0.913078	0.820883	1.16874	0.208934	0.635908	0.480483	0.849444	0.902533	0.505852	1.06691	
