15	30
51.393	131.771
21.9251	123.3
25.9255	75.2941
173.574	145.727
89.2946	50.769
134.407	130.278
102.413	94.4586
6.15479	70.4379
99.7697	37.2861
91.7125	61.5827
117.393	126.77
17.0495	87.0038
27.3628	141.153
137.908	17.6249
69.6915	59.0594
8.89564
29.9983
7.91266
44.6475
21.1516
37.1951
29.5063
39.4773
8.716
24.7044
17.3271
9.34689
2.97826
29.6958
1.819
41.1995
22.7364
30.6213
26.2115
44.3552
9.99962
10.8193
32.6817
3.57256
32.3732
40.3649
41.5816
12.7759
4.599
8.99423
0.489638	0.657669	0.362573	0.710279	0.254897	0.319619	0.257788	0.812136	0.437105	0.0949079	0.706886	0.217559	0.340646	0.674768	0.58076	0.274551	0.343375	0.347343	0.638882	0.678542	0.667094	0.691793	0.326703	0.213517	0.257555	0.280957	0.263518	0.453244	0.418451	0.177772	
0.342015	0.263236	0.323921	0.384625	0.623663	0.778715	0.676436	0.575972	0.863014	0.379693	0.591218	0.428121	0.423742	0.299292	0.731675	0.383149	0.770195	0.129296	0.180457	0.310537	0.220457	0.594452	0.735255	0.660322	0.450921	0.744144	0.508113	0.818344	0.305705	0.303887	
0.573258	0.954321	0.46701	0.825009	0.500375	0.370552	0.443617	1.14332	0.154514	0.417111	1.03992	0.300017	0.37208	0.978021	0.87358	0.607931	0.0905337	0.628424	0.902345	0.82785	0.875844	1.02423	0.0408504	0.156381	0.5839	0.213928	0.236548	0.635177	0.525815	0.491401	
0.432609	0.770773	0.312073	0.680024	0.41346	0.379078	0.386059	0.971334	0.324929	0.248569	0.880861	0.131419	0.239017	0.794967	0.761733	0.450104	0.234728	0.444756	0.719854	0.670756	0.702644	0.867379	0.196082	0.15882	0.440349	0.260724	0.110696	0.590922	0.373574	0.315208	
0.540607	0.62912	0.416553	0.746862	0.191853	0.313564	0.216984	0.753525	0.492279	0.0939016	0.63811	0.289513	0.408654	0.64183	0.50138	0.209057	0.401215	0.339472	0.628137	0.707051	0.677533	0.621755	0.391401	0.268024	0.18158	0.314718	0.34163	0.396551	0.46808	0.162844	
0.904256	0.654097	0.79989	1.0441	0.330401	0.551328	0.409369	0.541928	0.868158	0.488507	0.356461	0.71933	0.825714	0.63811	0.0652268	0.315048	0.792175	0.564471	0.74513	0.97756	0.879538	0.330162	0.799414	0.667719	0.280058	0.661858	0.780826	0.34192	0.83473	0.479513	
0.10637	0.502357	0.109566	0.282275	0.657088	0.742332	0.681593	0.81346	0.726589	0.375818	0.807132	0.279849	0.215982	0.539898	0.871733	0.492094	0.642219	0.262286	0.391772	0.260372	0.310187	0.806017	0.597859	0.562479	0.540618	0.660956	0.338082	0.862748	0.0669568	0.340043	
0.579031	0.0329297	0.574912	0.539733	0.752575	0.948467	0.823087	0.383663	1.08738	0.569756	0.470766	0.670295	0.674854	0.0716111	0.732904	0.482819	0.992951	0.326381	0.118575	0.453063	0.295913	0.484588	0.96314	0.87281	0.554297	0.944966	0.752726	0.920125	0.552691	0.486808	
0.29919	0.363462	0.239584	0.421637	0.528712	0.666422	0.573197	0.636379	0.742396	0.267429	0.615852	0.312543	0.326739	0.394093	0.690671	0.317498	0.649411	0.0690424	0.300631	0.364563	0.31925	0.613831	0.614944	0.539731	0.376525	0.624811	0.394745	0.729852	0.242548	0.199321	
0.801906	0.593602	0.696341	0.948318	0.259404	0.49245	0.344618	0.539691	0.79031	0.385396	0.370316	0.616618	0.721992	0.583152	0.168652	0.213288	0.709857	0.468721	0.670227	0.884342	0.794145	0.346475	0.712998	0.581654	0.176352	0.58643	0.679729	0.331478	0.731961	0.37588	
0.20136	0.721942	0.136075	0.450654	0.637554	0.643133	0.630826	1.00165	0.531929	0.385614	0.96005	0.165296	0.0478808	0.756211	0.936767	0.570552	0.460973	0.426758	0.625084	0.46488	0.546016	0.953369	0.41112	0.421581	0.592918	0.522965	0.157068	0.832765	0.174408	0.401527	
0.302829	0.702919	0.185587	0.551708	0.497727	0.502175	0.487654	0.943112	0.436556	0.264281	0.877242	0.034224	0.110362	0.731928	0.813601	0.4633	0.353169	0.381899	0.632097	0.546866	0.592594	0.867336	0.307935	0.28896	0.473808	0.390811	0.0548059	0.690301	0.246351	0.301508	
0.755192	0.164176	0.750452	0.69733	0.854632	1.06819	0.932646	0.27704	1.23912	0.712211	0.425889	0.836928	0.848933	0.134873	0.755733	0.587961	1.14442	0.486739	0.28433	0.610869	0.449677	0.447175	1.11819	1.01936	0.654474	1.08343	0.920457	0.999139	0.729343	0.630275	
0.636622	0.465265	0.536912	0.777961	0.27855	0.501968	0.359481	0.511203	0.740199	0.254652	0.387604	0.481299	0.574468	0.464058	0.33408	0.0519793	0.650653	0.298528	0.519022	0.714651	0.629999	0.37163	0.641924	0.517384	0.0819048	0.551335	0.553828	0.434315	0.568124	0.220933	
0.762163	0.721164	0.640576	0.953764	0.0550456	0.281648	0.134631	0.736659	0.592238	0.309379	0.57763	0.513727	0.634755	0.721112	0.321751	0.259042	0.518653	0.50144	0.76221	0.904747	0.849311	0.554807	0.529822	0.399053	0.186818	0.385662	0.557185	0.189176	0.689411	0.347029	
