10	20
140.365	56.6413
23.88	51.1505
100.139	131.053
23.9853	126.592
69.986	110.577
174.198	27.6809
77.708	104.416
125.738	118.92
176.826	19.6228
173.359	77.8906
18.207
23.8931
17.3378
10.8309
5.24277
10.3838
6.42325
21.7577
7.16351
19.9628
12.2107
17.1157
24.2838
18.3125
15.5152
8.00028
6.7951
8.41554
14.1808
8.81597
0.676832	0.552623	0.827026	0.564751	0.617587	0.218699	0.790734	0.487688	0.438564	0.519279	0.493928	0.233993	0.386064	0.280037	0.608315	0.722533	0.581002	0.737025	0.844355	0.45459	
0.614126	0.955137	0.826636	0.432813	0.742802	0.372139	0.605637	0.263	0.873459	0.563306	0.8338	0.662128	0.288987	0.68169	0.165763	0.922951	0.44444	0.149397	0.48916	0.262853	
0.259888	0.588372	0.461733	0.106335	0.34117	0.347117	0.338944	0.141362	0.531025	0.162003	0.457553	0.374737	0.151463	0.369826	0.28929	0.52027	0.123122	0.527075	0.396379	0.141398	
0.320981	0.756291	0.53275	0.146383	0.473899	0.410209	0.319528	0.0931135	0.700466	0.301225	0.624414	0.534946	0.19361	0.534885	0.142303	0.656903	0.154561	0.389739	0.275567	0.127009	
0.658339	0.973528	0.871061	0.475558	0.778278	0.361622	0.655611	0.300722	0.887501	0.598909	0.85541	0.67087	0.311745	0.693588	0.217471	0.95669	0.488036	0.159916	0.54223	0.295776	
0.227297	0.521402	0.0598671	0.404865	0.182486	0.77399	0.319253	0.580962	0.559713	0.307621	0.424308	0.591367	0.60866	0.551698	0.688509	0.224591	0.393574	0.934551	0.53904	0.592972	
0.476519	0.273052	0.569696	0.447986	0.344882	0.40811	0.621145	0.480332	0.178693	0.322573	0.186867	0.0752614	0.410584	0.0290931	0.63463	0.417993	0.458234	0.840501	0.749304	0.459385	
0.637596	0.913424	0.849454	0.453668	0.739713	0.28778	0.652123	0.273713	0.823962	0.561896	0.798701	0.604156	0.262172	0.628991	0.231765	0.914621	0.46785	0.23371	0.56272	0.260906	
0.612803	0.17595	0.542133	0.707757	0.398481	0.83294	0.757393	0.822741	0.290538	0.54442	0.247821	0.496216	0.786417	0.453788	0.972703	0.257756	0.707936	1.20787	0.957479	0.813977	
0.467013	0.563754	0.646529	0.330229	0.469071	0.147648	0.56259	0.249674	0.471016	0.32417	0.45684	0.252502	0.15129	0.275838	0.384636	0.618481	0.347207	0.55861	0.602674	0.218012	
