15	40
40.4263	34.053
29.638	68.498
66.8419	23.883
32.7151	51.2253
61.5658	149.965
13.8943	139.56
18.4761	10.5823
51.4443	55.8793
10.1591	157.526
45.1519	131.345
89.8785	48.2683
47.0908	108.884
25.9827	67.8739
70.6904	77.6222
87.4513	85.2458
0.28618
12.5201
3.12006
9.54413
3.02967
16.3135
31.9213
12.749
20.9241
31.9753
12.7062
0.617462
0.431729
16.7812
1.09538
17.7859
5.62393
26.6469
26.5419
23.8317
11.034
13.1689
31.0931
31.2042
12.1459
17.3688
10.9463
27.0317
31.0765
6.02894
22.7468
20.0667
12.5293
14.5069
16.9543
1.44869
11.8783
3.35301
27.7187
8.45885
0.797529	0.715682	0.143625	0.276062	0.0762123	0.508633	0.845474	0.288982	0.542637	0.818858	0.829621	0.234298	0.340986	0.612523	0.157616	0.416327	0.817236	0.497658	0.785059	0.819067	0.402988	0.578973	0.769728	0.650564	0.898502	0.815275	0.198827	0.237932	0.210169	0.657978	0.934091	0.539817	0.6826	0.643021	0.693629	0.248964	0.780477	0.877776	0.536532	0.610828	
0.317095	0.242234	0.345429	0.212987	0.564705	0.2761	0.460217	0.431768	0.0635157	0.335177	0.504785	0.584474	0.153188	0.61299	0.608434	0.296918	0.393398	0.742671	0.297016	0.355125	0.541295	0.285813	0.309617	0.263884	0.448122	0.378525	0.461809	0.530172	0.310346	0.211867	0.516158	0.360287	0.257803	0.664442	0.430785	0.270089	0.362829	0.550872	0.0562885	0.572657	
0.456705	0.420591	0.216314	0.103239	0.4232	0.37464	0.507858	0.397429	0.242382	0.508337	0.512112	0.501028	0.12589	0.478525	0.444881	0.159647	0.568923	0.567736	0.464607	0.472291	0.370983	0.256177	0.488537	0.425712	0.550587	0.555886	0.285117	0.459959	0.144495	0.310733	0.590164	0.269667	0.430698	0.527275	0.395726	0.102419	0.434698	0.561216	0.209242	0.44728	
0.583318	0.704431	0.611216	0.549698	0.735997	0.809225	0.380095	0.839809	0.587852	0.732164	0.28077	0.898632	0.577978	0.174973	0.67646	0.2998	0.887719	0.485936	0.674556	0.534254	0.34196	0.268011	0.777433	0.798139	0.536171	0.86255	0.496682	0.874701	0.505045	0.45159	0.483908	0.187767	0.774568	0.212275	0.171316	0.48794	0.415713	0.307472	0.521488	0.126697	
0.737384	0.840888	0.640164	0.611041	0.718324	0.90233	0.542042	0.882923	0.706155	0.879115	0.439886	0.908229	0.655573	0.0655545	0.635003	0.371246	1.02167	0.364956	0.821792	0.692437	0.284465	0.403768	0.915038	0.91675	0.698036	0.998574	0.479764	0.895404	0.538133	0.596721	0.645161	0.298933	0.900331	0.0618172	0.331815	0.533429	0.575675	0.461839	0.642444	0.0829379	
0.641537	0.778089	0.69988	0.64042	0.816806	0.8974	0.409504	0.930122	0.670817	0.797482	0.298216	0.985421	0.66834	0.205291	0.750384	0.39044	0.961922	0.52238	0.740027	0.585623	0.406043	0.34814	0.849902	0.87988	0.573558	0.935602	0.576037	0.963017	0.593765	0.52147	0.506176	0.277363	0.853516	0.223684	0.227898	0.5778	0.464236	0.311439	0.604026	0.173079	
0.196544	0.406903	0.75252	0.625527	0.958517	0.68667	0.118789	0.88082	0.435147	0.359511	0.234459	1.02395	0.590508	0.655753	0.96144	0.506978	0.56345	0.927992	0.314607	0.120869	0.734112	0.333783	0.453897	0.569011	0.0481529	0.531342	0.776806	0.973785	0.675479	0.238948	0.0755163	0.433187	0.516252	0.700326	0.324231	0.635386	0.105728	0.244483	0.393391	0.602926	
0.254207	0.17978	0.413828	0.281602	0.633132	0.293591	0.427992	0.486343	0.0343943	0.267566	0.486649	0.646298	0.219809	0.647719	0.67666	0.341884	0.344026	0.798221	0.228385	0.299391	0.594375	0.29523	0.250758	0.236556	0.395514	0.325609	0.526902	0.59023	0.377702	0.17365	0.472413	0.385752	0.216171	0.699671	0.431915	0.336928	0.324922	0.53021	0.0421226	0.604208	
0.595751	0.700046	0.561075	0.508005	0.678371	0.780707	0.416126	0.79418	0.571217	0.736671	0.325326	0.845577	0.542166	0.133089	0.616624	0.258348	0.8817	0.432193	0.679332	0.552986	0.281738	0.261983	0.773998	0.782255	0.564899	0.858004	0.438277	0.823798	0.455125	0.454286	0.522139	0.162584	0.762931	0.178833	0.198557	0.44102	0.438535	0.356779	0.50618	0.0803992	
0.46564	0.288465	0.365265	0.279502	0.55949	0.0552938	0.66797	0.30634	0.205592	0.397892	0.72261	0.49226	0.209954	0.803102	0.643186	0.481036	0.331523	0.873377	0.390424	0.525367	0.688988	0.505113	0.313836	0.164177	0.623861	0.335765	0.551785	0.428949	0.394662	0.413625	0.708806	0.568535	0.210563	0.852691	0.651205	0.368903	0.564508	0.767542	0.263988	0.768617	
0.585046	0.716027	0.646382	0.581399	0.773637	0.833994	0.366772	0.872885	0.60689	0.738272	0.261628	0.934771	0.6069	0.202222	0.714365	0.332367	0.899778	0.517343	0.680709	0.532118	0.378806	0.284358	0.788233	0.81609	0.527088	0.87379	0.534503	0.910007	0.540242	0.460333	0.468055	0.21545	0.790172	0.234054	0.170018	0.521988	0.411728	0.283629	0.54012	0.157674	
0.848788	0.834301	0.3325	0.409616	0.281556	0.716164	0.802737	0.553869	0.655336	0.920714	0.750254	0.500962	0.484901	0.404121	0.173156	0.369465	0.974959	0.223405	0.874492	0.845439	0.188067	0.54132	0.901243	0.819906	0.902644	0.964859	0.133993	0.511832	0.293426	0.690111	0.90557	0.454179	0.835465	0.419148	0.604395	0.32748	0.770269	0.792838	0.621446	0.422055	
0.387388	0.175887	0.573816	0.46881	0.775411	0.222743	0.650739	0.514936	0.259689	0.252667	0.734302	0.703859	0.393195	0.927105	0.853702	0.613013	0.115645	1.04913	0.275924	0.461947	0.852404	0.574967	0.145674	0.0581361	0.555069	0.126464	0.743975	0.63983	0.584563	0.416823	0.65824	0.667358	0.0709102	0.978851	0.704671	0.551604	0.543869	0.771656	0.32322	0.884857	
0.534012	0.641155	0.542374	0.476407	0.677531	0.735383	0.361108	0.767712	0.51756	0.67565	0.2779	0.832129	0.503637	0.192255	0.626427	0.22719	0.823482	0.477202	0.618241	0.491631	0.309012	0.202686	0.714862	0.728378	0.505868	0.79927	0.441543	0.806045	0.436358	0.393354	0.467874	0.113585	0.706919	0.239756	0.142052	0.417128	0.378083	0.314072	0.451705	0.139435	
0.87821	0.816237	0.247497	0.370173	0.0932521	0.627463	0.892405	0.406746	0.639031	0.915625	0.861382	0.316793	0.441681	0.579455	0.0365385	0.449447	0.928469	0.408193	0.877803	0.891481	0.360452	0.622709	0.874279	0.763282	0.963891	0.924637	0.183528	0.338306	0.277068	0.729946	0.987621	0.562573	0.791797	0.601447	0.718952	0.319188	0.839052	0.907801	0.623989	0.58818	
