10	40
22.9531	99.7384
146.298	85.883
101.282	18.4564
102.839	55.2469
176.297	64.7724
63.6767	47.4176
115.473	18.9696
8.17587	57.213
100.853	100.747
3.20628	67.4895
9.75638
6.16321
8.87474
8.55979
1.15395
9.59942
7.36076
8.59815
0.39724
1.10814
1.47628
9.51219
0.461831
0.0419856
9.65003
8.61707
8.19263
7.50209
2.14276
3.28583
1.51129
2.04901
0.712389
7.85927
7.96693
3.18005
1.42082
6.64523
6.59621
9.10408
8.18267
1.45606
1.49609
8.76362
1.95751
0.51194
6.65998
5.77321
8.33055
2.67978
0.31574	0.487518	0.117329	0.930547	0.322132	0.383646	0.935434	0.211443	0.839495	0.607443	0.396583	0.5708	0.539355	0.487403	0.713577	0.667838	0.60321	0.328184	0.709746	0.509852	0.548792	0.310559	0.899727	0.212133	0.586043	0.201597	0.497012	0.245596	0.486127	0.226562	0.241246	0.85425	0.568186	0.310088	0.816953	0.48256	0.547381	0.333168	0.758197	0.120141	
0.543514	0.298439	0.357931	0.726196	0.00396312	0.174212	0.765597	0.219007	0.719348	0.296799	0.643366	0.259252	0.358562	0.178019	0.568954	0.848624	0.394051	0.0258573	0.5809	0.329168	0.499284	0.226004	0.983437	0.112147	0.337252	0.116953	0.313695	0.505219	0.486178	0.477875	0.206456	0.857909	0.432109	0.397785	0.8834	0.261729	0.768929	0.651105	0.758317	0.399385	
0.677285	0.244581	0.645348	0.231622	0.540924	0.371351	0.229735	0.497353	0.194394	0.438406	0.758008	0.598152	0.184169	0.583246	0.0524604	0.763941	0.15881	0.562104	0.0870591	0.214727	0.246624	0.399435	0.689372	0.61067	0.247081	0.594803	0.230129	0.708993	0.33196	0.685785	0.469151	0.469028	0.142444	0.474279	0.588086	0.281302	0.787479	0.957489	0.398147	0.694027	
0.521952	0.536462	0.63404	0.602945	0.771507	0.615821	0.514814	0.595746	0.355591	0.818041	0.54688	0.939876	0.503375	0.892917	0.396977	0.392393	0.544236	0.795722	0.361687	0.513904	0.282805	0.545875	0.244942	0.775761	0.629352	0.752341	0.523375	0.594966	0.285091	0.587454	0.587689	0.114495	0.413215	0.435842	0.1415	0.589199	0.486762	0.838985	0.0596887	0.661396	
0.434026	0.358208	0.234854	0.805162	0.139087	0.236121	0.828385	0.14926	0.757884	0.427708	0.530203	0.389972	0.416911	0.306904	0.615962	0.762109	0.469254	0.146018	0.620525	0.385953	0.498059	0.215023	0.93709	0.0390237	0.432869	0.0192909	0.371083	0.385105	0.461505	0.359183	0.158024	0.843285	0.47019	0.328693	0.842684	0.338084	0.666352	0.516084	0.74327	0.271015	
0.254758	0.718201	0.461977	0.999192	0.787651	0.713062	0.938137	0.565748	0.783917	0.981052	0.180438	1.0309	0.726083	0.956921	0.752155	0.128309	0.795742	0.80648	0.724127	0.715069	0.539147	0.59668	0.461262	0.723204	0.846111	0.70128	0.714092	0.325289	0.458159	0.342553	0.583063	0.572315	0.67376	0.402788	0.434437	0.755733	0.0261865	0.467015	0.524432	0.449232	
0.185187	0.476513	0.327617	0.771979	0.583161	0.48314	0.722719	0.364656	0.577225	0.74628	0.225269	0.811897	0.482761	0.743387	0.521883	0.271751	0.552453	0.604606	0.497031	0.472224	0.304229	0.37133	0.455453	0.542049	0.603736	0.518322	0.47175	0.259686	0.218862	0.255277	0.373783	0.451214	0.432216	0.182481	0.378074	0.516179	0.240733	0.502952	0.371186	0.342554	
0.343033	0.198452	0.268482	0.60578	0.304555	0.180745	0.60034	0.137322	0.502258	0.445835	0.440269	0.512726	0.230305	0.448944	0.377352	0.573552	0.303039	0.32831	0.372107	0.207328	0.221963	0.0767085	0.680946	0.306152	0.32552	0.283403	0.200106	0.350911	0.186712	0.324553	0.120067	0.566838	0.234721	0.135912	0.581109	0.225346	0.526319	0.58664	0.466663	0.317745	
0.466105	0.329041	0.510816	0.476966	0.57756	0.414426	0.419389	0.427334	0.273914	0.610899	0.527322	0.733331	0.296703	0.688902	0.233608	0.490927	0.342491	0.601837	0.20307	0.306389	0.0778415	0.359497	0.448455	0.597229	0.424283	0.574962	0.31585	0.5201	0.122874	0.503649	0.412372	0.281955	0.208573	0.30621	0.343117	0.381855	0.527928	0.776904	0.183467	0.549508	
0.668477	0.614376	0.773283	0.569232	0.876495	0.711147	0.465229	0.719017	0.319529	0.881372	0.6925	1.01926	0.57062	0.981313	0.414873	0.51376	0.59557	0.900759	0.381162	0.587702	0.376133	0.657686	0.265658	0.893966	0.686386	0.87124	0.5997	0.740827	0.404551	0.732556	0.707135	0.0343034	0.477867	0.571105	0.199176	0.666939	0.623816	0.985652	0.123319	0.803131	
