15	20
37.9968	143.29
128.521	82.3498
76.5523	105.063
63.0639	103.871
16.7095	64.2699
27.6465	104.334
86.7603	118.547
0.12495	100.689
61.4781	147.817
55.4505	66.7434
47.6397	81.3609
5.90968	140.691
148.104	54.1244
94.3342	82.994
171.016	142.789
14.637
12.5901
43.6393
51.2016
7.77177
33.4307
11.7792
31.3676
38.575
15.1985
11.7016
1.01061
41.4594
33.5211
36.0386
10.7401
28.3246
40.5673
32.2788
17.1448
0.64942	0.212675	0.949704	0.214309	0.869557	0.442587	0.647797	0.120678	0.621555	0.500692	0.658061	0.535124	0.721894	0.218834	0.134447	0.25429	0.440281	0.697007	0.545881	0.241839	
0.283028	0.526513	0.340903	0.655932	0.528619	0.472433	0.478836	0.655717	0.198148	0.235977	0.0798063	0.867912	0.790399	0.904657	0.686984	0.491691	0.723458	0.18712	0.266622	0.529144	
0.71422	0.293001	1.03059	0.278535	0.94561	0.518759	0.722762	0.174844	0.692728	0.578217	0.736509	0.570239	0.777157	0.193328	0.198522	0.335104	0.491742	0.777895	0.626801	0.321936	
0.329274	0.233574	0.524837	0.366311	0.544908	0.248521	0.377297	0.379543	0.247703	0.0789569	0.215637	0.628923	0.633157	0.609587	0.392033	0.19665	0.479503	0.267106	0.14127	0.235057	
0.571057	0.105217	0.837892	0.148519	0.76389	0.33834	0.5444	0.123495	0.531438	0.39825	0.552809	0.498523	0.649576	0.285831	0.0949846	0.143694	0.380798	0.585624	0.434175	0.131317	
0.630315	0.482307	0.367623	0.477416	0.209146	0.221856	0.0580766	0.651758	0.530497	0.395196	0.381423	0.515659	0.371047	0.734061	0.548576	0.437283	0.400743	0.241525	0.221429	0.425627	
0.844672	0.472139	0.718395	0.334204	0.479336	0.268312	0.297406	0.600975	0.758452	0.590574	0.659424	0.164981	0.176627	0.507092	0.411781	0.446701	0.110668	0.564731	0.46205	0.397086	
0.719641	0.502801	0.459302	0.456505	0.229822	0.224694	0.0515511	0.667629	0.621568	0.474123	0.481533	0.427291	0.263569	0.697822	0.534001	0.460891	0.330674	0.348137	0.304971	0.436227	
0.829635	0.360858	0.905305	0.174718	0.724854	0.35624	0.509329	0.415647	0.766943	0.604733	0.728289	0.218311	0.451399	0.225889	0.210438	0.364269	0.1753	0.692775	0.549863	0.308696	
0.710539	0.295498	1.03447	0.287755	0.952747	0.525773	0.73021	0.170981	0.690703	0.578596	0.737295	0.582063	0.787815	0.204463	0.207474	0.338256	0.50261	0.781141	0.630476	0.327005	
0.953777	0.647236	0.68018	0.530097	0.387813	0.395494	0.302022	0.790002	0.858826	0.700915	0.728696	0.30962	0.0336113	0.705804	0.609362	0.614848	0.31198	0.598743	0.542565	0.572185	
0.828077	0.366556	1.0671	0.267032	0.939111	0.524173	0.715315	0.302298	0.793663	0.659587	0.811051	0.470204	0.70872	0.0480473	0.208288	0.398904	0.425569	0.825295	0.67229	0.365665	
0.823889	0.347786	1.01108	0.20968	0.866126	0.460952	0.643726	0.326523	0.779428	0.633939	0.778434	0.38299	0.621825	0.0595006	0.173622	0.371892	0.340243	0.776914	0.625223	0.329198	
1.10818	0.770954	0.828959	0.629847	0.526133	0.539887	0.462177	0.899277	1.01468	0.853934	0.888049	0.329581	0.153294	0.759248	0.704471	0.743522	0.39715	0.758825	0.699857	0.695663	
0.716468	0.286829	0.749132	0.133796	0.580522	0.200767	0.359862	0.40178	0.643473	0.475826	0.58531	0.243587	0.375355	0.345868	0.212415	0.271361	0.104921	0.538663	0.399595	0.215861	
