15	20
124.949	22.8045
7.41661	17.5403
68.8206	99.9532
142.16	109.745
169.614	18.9584
177.71	28.3868
168.33	126.176
124.442	23.0372
3.93279	139.112
70.4679	135.064
47.626	20.4963
61.3583	157.594
85.6999	141.987
19.9953	106.859
147.449	99.4127
10.699
34.0553
32.1415
49.3994
16.9093
42.6917
20.1211
41.2281
35.9981
42.749
50.0141
37.972
2.97016
25.243
33.7831
17.7305
12.848
35.2861
25.6523
56.0722
0.449618	0.614119	0.631331	0.241002	0.795508	0.455537	0.669006	0.330679	0.578458	0.638814	0.250613	0.185967	0.442545	0.460851	0.267257	0.742194	0.150352	0.191646	0.600664	0.454977	
0.437539	0.465862	0.356933	0.76618	0.281232	0.628404	0.307001	0.29456	0.467866	0.269248	0.704787	0.638551	0.272037	0.131969	0.586032	0.312745	0.722896	0.400542	0.752069	0.567393	
0.376525	0.410379	0.344337	0.600076	0.407904	0.538047	0.387122	0.166169	0.396501	0.346925	0.524122	0.455916	0.166669	0.0571608	0.413032	0.428964	0.538542	0.227299	0.627969	0.48753	
0.659802	0.131328	0.0845486	0.782865	0.328255	0.810441	0.632791	0.441588	0.13071	0.592687	0.533802	0.493312	0.125747	0.270801	0.393794	0.649227	0.633502	0.439502	0.435033	0.76506	
0.122579	0.745855	0.70232	0.367027	0.747748	0.17813	0.399204	0.19707	0.722224	0.382327	0.577547	0.505704	0.506782	0.404876	0.547406	0.483493	0.472739	0.228048	0.862377	0.141612	
0.422448	0.433495	0.333182	0.722783	0.303043	0.607354	0.330841	0.257767	0.431857	0.291176	0.651567	0.585452	0.225195	0.0789056	0.533109	0.348114	0.671676	0.35373	0.706981	0.548794	
0.200312	0.640647	0.557555	0.611963	0.521554	0.396656	0.176968	0.167731	0.630016	0.143892	0.688815	0.614432	0.401169	0.240111	0.605684	0.246992	0.645448	0.309631	0.858227	0.332691	
0.881153	0.338186	0.456153	0.752907	0.731822	0.961316	0.966547	0.668398	0.305682	0.926422	0.338843	0.364304	0.441463	0.603135	0.267999	1.00546	0.515238	0.573203	0.0657907	0.940861	
0.582933	0.202492	0.152131	0.717907	0.34145	0.733121	0.56928	0.364149	0.192179	0.528804	0.50282	0.45396	0.0493057	0.200739	0.365293	0.592351	0.584256	0.366194	0.467489	0.687592	
0.244416	0.782972	0.759242	0.241049	0.841028	0.190014	0.527105	0.283217	0.754356	0.509704	0.516253	0.450918	0.558289	0.488709	0.516925	0.611297	0.382885	0.244528	0.846852	0.198811	
0.344547	0.563553	0.4618	0.725757	0.382448	0.540683	0.200845	0.251023	0.561166	0.161505	0.728704	0.657743	0.346962	0.180172	0.623473	0.222693	0.719226	0.381834	0.827515	0.476935	
0.835782	0.359782	0.254505	1.07933	0.13787	1.01974	0.685189	0.657304	0.394069	0.653437	0.864446	0.82242	0.413068	0.448235	0.724433	0.658757	0.95683	0.711485	0.701924	0.962116	
0.883848	0.449786	0.559265	0.686753	0.829937	0.93882	1.0054	0.684965	0.414007	0.966345	0.259956	0.306957	0.508373	0.656935	0.243333	1.05288	0.439417	0.570686	0.166901	0.926801	
0.296941	0.886942	0.864767	0.228344	0.941999	0.159749	0.590431	0.383677	0.85765	0.578689	0.583869	0.524822	0.663775	0.591311	0.602679	0.675974	0.430381	0.349112	0.935606	0.202593	
0.741134	0.165654	0.0489989	0.908294	0.238485	0.906471	0.663677	0.53427	0.194352	0.625679	0.661699	0.623438	0.238382	0.337473	0.52167	0.663276	0.764232	0.554734	0.511286	0.856029	
