15	20
1.57648	74.2062
173.11	44.7959
136.125	62.598
15.8261	134.878
164.13	84.9456
3.00435	59.4966
140.136	24.5536
4.09877	107.611
43.5595	152.064
128.437	21.7113
61.6446	133.805
106.933	101.796
156.513	99.5539
116.203	32.5456
80.6508	105.254
33.6953
18.8831
35.1945
15.5302
13.8163
18.4876
11.3844
31.433
31.1706
8.87472
28.2501
14.2798
5.36161
31.4922
15.8458
8.29044
21.0947
15.7473
31.8165
22.6233
0.701589	0.219664	0.571197	0.907503	0.737348	0.283157	0.660251	0.610499	0.655235	0.695796	0.379212	0.249133	1.00302	0.97683	0.807306	0.247691	0.990354	0.641487	0.630115	0.261303	
0.485744	0.35162	0.314375	0.543186	0.401628	0.429281	0.437467	0.428697	0.480194	0.411579	0.386857	0.141017	0.628483	0.603629	0.551369	0.438221	0.620009	0.578812	0.280594	0.3028	
0.889515	0.736694	0.136495	0.726182	0.703596	0.822572	0.0449754	0.031143	0.901106	0.162526	0.814807	0.438277	0.696832	0.706791	0.921946	0.491512	0.598234	0.232184	0.593793	0.382256	
0.128207	0.473146	0.828452	0.596952	0.402172	0.453793	0.952649	0.957524	0.0662379	0.892174	0.315637	0.612832	0.772086	0.720654	0.234295	0.882562	0.859348	1.11428	0.427647	0.789992	
0.938834	0.776387	0.185824	0.769593	0.751841	0.862466	0.0782797	0.0583163	0.950082	0.197251	0.859032	0.478442	0.733367	0.745657	0.97112	0.506728	0.629317	0.200355	0.642754	0.408103	
0.516208	0.0792874	0.559589	0.764232	0.578132	0.16525	0.670787	0.638976	0.4688	0.673595	0.205674	0.219141	0.881005	0.848095	0.624569	0.399238	0.891109	0.725144	0.483413	0.345286	
0.574196	0.133427	0.769162	0.918111	0.716544	0.0661578	0.878653	0.843408	0.506464	0.883496	0.202946	0.426461	1.05347	1.01528	0.695768	0.533371	1.07914	0.910886	0.643994	0.524257	
0.50958	0.487693	0.244019	0.441689	0.345778	0.562132	0.366355	0.380966	0.525033	0.308355	0.502463	0.261673	0.502541	0.483506	0.545394	0.530957	0.483059	0.566684	0.22506	0.384507	
0.780782	0.885254	0.357448	0.419479	0.513902	0.958922	0.369689	0.441045	0.826691	0.253959	0.888341	0.635192	0.317075	0.346201	0.755602	0.833223	0.1918	0.641839	0.465765	0.691423	
0.754298	0.645478	0.0101243	0.601937	0.567304	0.729542	0.122179	0.144228	0.768651	0.116044	0.704839	0.352676	0.592987	0.595875	0.784775	0.490103	0.512835	0.350262	0.456592	0.354814	
0.609502	0.89239	0.572595	0.149283	0.336327	0.947177	0.633559	0.69404	0.674969	0.514229	0.839509	0.724106	0.0410372	0.0381901	0.543086	0.990122	0.152334	0.904967	0.369896	0.842126	
0.498855	0.813695	0.58042	0.041068	0.230316	0.862428	0.660103	0.712621	0.565993	0.545432	0.747516	0.676003	0.14607	0.0949883	0.430678	0.958084	0.256856	0.923173	0.285745	0.811696	
0.591541	0.122863	0.556149	0.820022	0.640822	0.201674	0.659482	0.620114	0.54472	0.675841	0.27457	0.21225	0.927569	0.897556	0.698604	0.332897	0.927682	0.685584	0.539756	0.299534	
0.144245	0.390041	0.632056	0.474105	0.265172	0.407942	0.75605	0.762607	0.135112	0.695815	0.272479	0.442847	0.635096	0.588246	0.242611	0.732274	0.701178	0.925609	0.247859	0.623006	
0.611568	0.441951	0.196864	0.594549	0.490203	0.525789	0.314467	0.298704	0.610314	0.310434	0.505774	0.155094	0.644812	0.630363	0.667775	0.381668	0.606631	0.449312	0.366807	0.233901	
