15	40
9.30691	117.928
39.6073	25.6866
37.1735	23.573
56.0252	148.978
32.5833	142.721
5.4831	39.4863
51.9097	91.6534
79.1553	23.1592
60.8378	121.084
16.5792	63.2126
69.6404	57.1313
73.8079	37.8847
27.5071	37.2654
56.9381	19.6564
54.4925	51.5027
20.6252
21.8875
16.1132
0.337519
10.9546
6.8566
13.1218
22.3374
13.5465
13.3189
22.1867
15.7384
13.2321
11.4053
9.34742
9.09748
1.63336
20.0432
4.826
2.57843
23.0816
11.5258
4.94986
5.11046
23.0311
7.28909
12.709
6.43741
4.01056
16.4124
22.9263
15.2224
7.76434
13.4782
3.95526
2.91166
13.1048
19.3551
17.063
20.9351
0.770624	0.413634	0.370501	0.300001	0.672093	0.167139	0.213194	0.229046	0.242835	0.376948	0.0508317	0.463779	0.356708	0.190487	0.680445	0.261138	0.0778509	0.679152	0.321323	0.836109	0.33791	0.90264	0.570396	0.0965642	0.66281	0.765292	0.0367081	0.696231	0.361262	0.806126	0.505839	0.543924	0.188089	0.640283	0.727469	0.613382	0.0579108	0.604197	0.481133	0.570622	
0.150022	0.609839	0.873813	0.58688	0.350129	0.991624	0.706928	0.760115	1.08864	0.871434	0.840633	0.694067	0.999166	0.951724	0.737985	0.755553	0.948167	0.77405	0.678867	0.401212	0.745705	0.204759	0.366091	0.790749	0.35128	0.164932	0.921001	0.885788	0.726328	0.737622	0.411988	0.848909	0.839888	0.532881	0.961602	0.885779	0.829121	0.56069	0.660911	0.363127	
0.918038	0.564945	0.373927	0.444076	0.825628	0.206745	0.366869	0.374053	0.0993894	0.381263	0.19129	0.52371	0.303284	0.151874	0.725559	0.403985	0.0810672	0.812976	0.408871	0.939613	0.395558	1.02841	0.722444	0.246968	0.779053	0.89881	0.117213	0.708866	0.42251	0.856019	0.657389	0.558065	0.316455	0.726759	0.724585	0.620693	0.209059	0.754494	0.54886	0.7225	
0.566031	0.103222	0.641903	0.278953	0.401504	0.349014	0.170776	0.122896	0.591846	0.646074	0.340839	0.630228	0.679721	0.529446	0.837025	0.091917	0.428818	0.334172	0.479285	0.826167	0.545052	0.803762	0.344646	0.290712	0.63411	0.646536	0.384863	0.908552	0.554448	0.938424	0.30306	0.772148	0.186787	0.708846	0.960799	0.842787	0.313907	0.266921	0.627668	0.347463	
0.429193	0.555727	0.447681	0.35229	0.516462	0.7453	0.504877	0.586515	0.730496	0.44384	0.543116	0.25232	0.58271	0.582045	0.311605	0.602425	0.62884	0.85785	0.293037	0.242276	0.334766	0.356167	0.41681	0.514752	0.100675	0.283404	0.618542	0.449176	0.309881	0.360968	0.389151	0.400746	0.643184	0.112238	0.523877	0.439225	0.545147	0.649549	0.217545	0.412565	
0.841513	0.560203	0.219662	0.376237	0.780863	0.320974	0.355672	0.396242	0.161061	0.226938	0.175863	0.373332	0.176638	0.0156142	0.57068	0.429601	0.130723	0.849143	0.276826	0.804574	0.247821	0.912444	0.667952	0.226584	0.656562	0.794659	0.163728	0.555182	0.275159	0.701371	0.602119	0.403561	0.367217	0.584033	0.574641	0.467642	0.203051	0.750056	0.400719	0.667061	
0.038962	0.439722	0.771234	0.437396	0.196403	0.8295	0.545169	0.593796	0.948535	0.770042	0.690892	0.613185	0.886508	0.818667	0.70572	0.587672	0.800392	0.621952	0.564536	0.445541	0.638862	0.311171	0.195985	0.638222	0.319073	0.174667	0.770033	0.843766	0.623635	0.735582	0.244317	0.779285	0.674362	0.500025	0.917961	0.82701	0.67689	0.402649	0.583804	0.19306	
0.516046	0.327563	0.340295	0.0757444	0.470527	0.426797	0.19666	0.280421	0.473179	0.342111	0.23528	0.286056	0.427456	0.34091	0.493689	0.303149	0.336521	0.652429	0.141796	0.559687	0.218288	0.617495	0.352835	0.197585	0.379586	0.483541	0.315456	0.566002	0.220226	0.600718	0.288874	0.436284	0.326579	0.389169	0.621815	0.505118	0.231457	0.491957	0.283228	0.351225	
0.793363	0.649259	0.0227046	0.406214	0.791108	0.541595	0.470433	0.539206	0.371621	0.0175105	0.348486	0.180334	0.160738	0.239075	0.34201	0.570988	0.357599	0.96857	0.198676	0.634144	0.118644	0.78247	0.671855	0.371796	0.525701	0.695652	0.378553	0.320855	0.130962	0.472971	0.611868	0.168363	0.540986	0.402091	0.347666	0.234983	0.370988	0.822446	0.215128	0.669478	
0.483948	0.524341	0.356925	0.295058	0.537971	0.665077	0.442153	0.525627	0.636559	0.353528	0.458488	0.170165	0.490295	0.487918	0.289939	0.545249	0.539306	0.83989	0.199909	0.331492	0.240507	0.448668	0.42738	0.435081	0.190183	0.361797	0.531552	0.407882	0.216069	0.371506	0.386588	0.332439	0.574929	0.141201	0.478974	0.381196	0.462924	0.643041	0.138119	0.423598	
0.597669	0.168867	0.547892	0.222385	0.457017	0.274116	0.0810381	0.0287541	0.494235	0.552432	0.239999	0.554043	0.580022	0.42861	0.767147	0.0287622	0.330113	0.434306	0.399134	0.798707	0.458808	0.803034	0.377709	0.190421	0.607488	0.649055	0.286556	0.827798	0.470908	0.875527	0.32321	0.686795	0.109742	0.657381	0.876374	0.758039	0.213088	0.355193	0.555565	0.379498	
0.832135	0.742276	0.126005	0.492272	0.854937	0.655393	0.573844	0.646184	0.468336	0.118922	0.461755	0.181993	0.229101	0.346758	0.261324	0.677197	0.470228	1.06529	0.275235	0.605128	0.199478	0.776995	0.736577	0.482421	0.530107	0.711392	0.49234	0.210438	0.196924	0.388038	0.680895	0.0642126	0.65237	0.376147	0.233647	0.122463	0.483673	0.907322	0.214257	0.733704	
0.148931	0.364673	0.835463	0.451343	0.06714	0.792992	0.51962	0.548058	0.95856	0.835551	0.689937	0.703267	0.936429	0.843118	0.82593	0.533725	0.799947	0.482283	0.623897	0.59701	0.703183	0.462149	0.15964	0.633261	0.454633	0.32839	0.763872	0.955455	0.693013	0.869699	0.225571	0.873144	0.629372	0.626006	1.02736	0.927857	0.671057	0.27247	0.678167	0.160447	
0.615912	0.17395	0.762488	0.399034	0.428587	0.411203	0.291645	0.230025	0.684194	0.766861	0.449697	0.752639	0.793729	0.637785	0.95775	0.196582	0.526434	0.227529	0.602213	0.925035	0.667835	0.881457	0.404414	0.404152	0.734469	0.723933	0.482225	1.03137	0.677409	1.05657	0.379121	0.895071	0.269318	0.822791	1.08377	0.965743	0.42249	0.243481	0.749319	0.408122	
0.735747	0.881775	0.50728	0.649901	0.851745	0.975007	0.790176	0.873884	0.857111	0.500243	0.762975	0.345555	0.633373	0.717654	0.145914	0.896392	0.814529	1.19325	0.492197	0.31737	0.473997	0.533391	0.755949	0.756143	0.389623	0.554454	0.821465	0.259171	0.448808	0.0352794	0.727956	0.344226	0.913436	0.228841	0.322365	0.320359	0.775302	0.988333	0.328194	0.75166	
