10	40
175.141	112.473
165.548	69.7927
64.1936	49.3039
57.6689	47.5339
78.318	146.56
85.1799	45.9994
143.312	90.4859
68.8307	72.4211
55.9757	94.6501
52.2815	37.3964
14.14
14.2992
3.72466
15.3195
19.0772
10.3144
16.3273
5.28306
7.06655
14.949
6.06238
5.03103
4.31297
9.69319
12.5158
10.3218
1.92441
2.0109
5.28573
10.0519
16.7395
11.097
4.57266
8.06466
14.4775
16.7795
0.901035
14.087
0.162921
4.59978
2.07356
1.81689
15.5081
9.18398
14.607
10.1558
9.47491
17.6136
6.79374
16.8881
0.470197	0.625885	0.414292	0.416306	0.430348	0.186445	0.54692	0.531339	0.104246	0.317573	0.48764	0.41066	0.588206	0.138007	0.441196	0.212206	0.462231	0.401622	0.386952	0.462081	0.486857	0.455523	0.122646	0.340337	0.407087	0.539258	0.441545	0.265144	0.363397	0.373753	0.208857	0.38934	0.226413	0.0987156	0.502177	0.558938	0.400715	0.362049	0.403147	0.370719	
0.369124	0.554903	0.220061	0.744588	0.359311	0.200443	0.747481	0.8176	0.43417	0.435896	0.760434	0.723339	0.798214	0.26677	0.770946	0.502413	0.78764	0.101294	0.405605	0.789805	0.349457	0.779462	0.303324	0.270206	0.697243	0.569093	0.469237	0.343996	0.607477	0.366032	0.122109	0.627561	0.48949	0.388537	0.832437	0.638685	0.730979	0.0791632	0.619305	0.658417	
0.268455	0.418442	0.474238	0.566153	0.225866	0.288787	0.754038	0.726223	0.265556	0.503166	0.688424	0.470575	0.50408	0.0756854	0.581005	0.415595	0.555016	0.393899	0.182652	0.564919	0.29247	0.616661	0.299146	0.452551	0.60327	0.34489	0.242196	0.430857	0.570593	0.518611	0.204429	0.59666	0.21912	0.306172	0.632514	0.384327	0.527743	0.276522	0.325121	0.386236	
0.267323	0.0812704	0.856151	0.984319	0.2862	0.745897	1.24193	1.19059	0.734258	0.983808	1.16201	0.800326	0.570984	0.56255	0.985812	0.896987	0.905907	0.72183	0.308869	0.926796	0.290395	1.04331	0.783136	0.886944	1.07234	0.200097	0.263335	0.903425	1.05606	0.971556	0.629189	1.08247	0.598889	0.793362	1.01938	0.273923	0.924993	0.563312	0.526773	0.690802	
0.658046	0.806139	0.503412	0.276011	0.616794	0.300902	0.381638	0.341859	0.14146	0.257791	0.298065	0.377287	0.658334	0.32674	0.310256	0.0268547	0.383384	0.538686	0.562724	0.371929	0.676381	0.29754	0.19202	0.393526	0.217597	0.701187	0.610905	0.265753	0.189326	0.377685	0.376546	0.216087	0.318056	0.102179	0.37557	0.702997	0.291903	0.535989	0.49172	0.390629	
0.777177	0.890324	0.732313	0.0515778	0.731398	0.520512	0.465414	0.281073	0.264901	0.472569	0.288243	0.226612	0.577454	0.474922	0.0802794	0.23484	0.179006	0.755487	0.650341	0.158609	0.80684	0.102574	0.414431	0.623939	0.20473	0.74913	0.680632	0.494652	0.306232	0.603631	0.573099	0.323902	0.342776	0.314542	0.145392	0.719581	0.0746858	0.726454	0.459227	0.30122	
0.365574	0.41193	0.717983	0.542377	0.322187	0.514959	0.871958	0.769867	0.35136	0.684481	0.753332	0.352435	0.258312	0.298384	0.540292	0.517779	0.457412	0.640463	0.214742	0.477935	0.411194	0.602944	0.488382	0.682025	0.660804	0.250195	0.20844	0.630974	0.679244	0.733927	0.449299	0.705823	0.175297	0.447235	0.570964	0.218454	0.479025	0.512655	0.0975361	0.243334	
0.520996	0.69408	0.298539	0.489012	0.488365	0.0817319	0.495088	0.541632	0.213708	0.215096	0.48544	0.52783	0.717237	0.213814	0.520057	0.228712	0.566087	0.319499	0.470324	0.561451	0.526039	0.515866	0.0275635	0.211963	0.421345	0.633904	0.53123	0.143679	0.336187	0.245617	0.176371	0.358253	0.356212	0.125564	0.584479	0.666646	0.490343	0.332486	0.531409	0.497689	
0.654236	0.832551	0.268678	0.532115	0.625234	0.168357	0.397012	0.509736	0.324252	0.0837653	0.443786	0.625754	0.852572	0.360558	0.56832	0.25491	0.643442	0.354266	0.6152	0.633008	0.653564	0.542831	0.144936	0.144873	0.404935	0.780254	0.677034	0.00854691	0.283945	0.118131	0.290199	0.29764	0.489879	0.213847	0.633452	0.813969	0.553235	0.424464	0.668992	0.61474	
0.51174	0.662731	0.442657	0.371367	0.470783	0.216129	0.513383	0.486409	0.0674051	0.306667	0.444429	0.381271	0.586142	0.180446	0.397283	0.170032	0.425453	0.440847	0.421088	0.423545	0.530158	0.409448	0.13141	0.358521	0.362284	0.567566	0.472765	0.267032	0.326156	0.380335	0.253061	0.352542	0.224028	0.0678766	0.459096	0.580346	0.358951	0.407894	0.404444	0.352296	
