10	30
145.806	130.67
39.0594	48.8861
111.796	17.4378
77.9506	141.144
30.0179	132.035
156.607	98.1054
9.1365	93.9357
76.6606	112.698
101.205	50.3997
36.9747	97.8006
18.2615
17.1158
1.98112
18.1996
14.6495
0.520615
21.4456
17.1374
10.7868
9.9135
10.2451
14.3043
1.53778
8.52634
3.80322
14.719
0.725772
0.804702
6.32857
6.75549
6.60648
4.1573
0.00670657
12.3265
13.7756
20.1795
16.7732
21.5916
9.78362
4.74222
0.153405	0.329827	0.527288	0.633114	0.274135	0.229906	0.275018	0.229746	0.52147	0.866392	0.611021	0.840073	0.732363	0.476585	0.704957	0.57808	0.472943	0.0710539	0.233756	0.251061	0.707763	0.58691	0.384297	0.733797	0.535459	0.135692	0.696203	0.55811	0.0607559	0.14583	
0.314864	0.0631122	0.351275	0.705134	0.0368285	0.151276	0.519235	0.339319	0.736843	0.918573	0.83557	0.916965	0.785333	0.362386	0.803032	0.586672	0.676056	0.229934	0.4527	0.459039	0.788092	0.591018	0.30982	0.898328	0.713724	0.359207	0.929979	0.603704	0.283076	0.374126	
0.476217	0.719476	0.549461	0.0198974	0.663723	0.544099	0.805645	0.402281	0.437205	0.236798	0.510437	0.222534	0.103649	0.434182	0.131381	0.15519	0.384068	0.577488	0.818749	0.438463	0.0971272	0.161571	0.411923	0.342368	0.310436	0.744301	0.602369	0.0947031	0.689198	0.747079	
0.601408	0.950898	0.883208	0.367836	0.885575	0.763047	0.770477	0.566291	0.23782	0.458671	0.222288	0.375483	0.418468	0.764444	0.285195	0.529034	0.259462	0.708863	0.822325	0.475617	0.338177	0.538344	0.706021	0.0567801	0.19341	0.788328	0.268021	0.44945	0.771557	0.783454	
0.0748419	0.295555	0.419867	0.528332	0.229907	0.135787	0.388216	0.122323	0.496764	0.758542	0.595401	0.739436	0.623372	0.35686	0.610388	0.457545	0.436939	0.0580977	0.357107	0.218989	0.606798	0.465824	0.262053	0.672013	0.480681	0.26079	0.690382	0.444575	0.184632	0.270017	
0.281187	0.0945406	0.29591	0.641587	0.0336196	0.0936921	0.536325	0.29172	0.699381	0.852344	0.800045	0.852656	0.719655	0.296349	0.741562	0.519339	0.635874	0.216216	0.47773	0.426052	0.72478	0.523469	0.241538	0.846444	0.666728	0.379853	0.897168	0.538639	0.298308	0.394007	
0.668008	0.854036	0.616032	0.217759	0.806942	0.697823	1.01218	0.58996	0.632955	0.118175	0.69361	0.186983	0.119303	0.519596	0.245655	0.254938	0.586469	0.761383	1.02063	0.645918	0.195868	0.250128	0.534949	0.473305	0.504571	0.941361	0.775825	0.261939	0.880264	0.945404	
0.452723	0.767324	0.913207	0.734342	0.709726	0.638607	0.262059	0.504495	0.359247	0.943397	0.376605	0.881429	0.836128	0.828103	0.741503	0.784492	0.377507	0.483578	0.346196	0.35396	0.77398	0.796277	0.731399	0.628153	0.470497	0.38396	0.403006	0.722822	0.433281	0.370206	
0.533314	0.883706	0.978387	0.688826	0.821371	0.731462	0.43419	0.56349	0.269435	0.871689	0.241634	0.800035	0.782217	0.879394	0.669492	0.776381	0.317633	0.593158	0.515054	0.401958	0.710591	0.788302	0.787443	0.511826	0.397273	0.537835	0.237977	0.70411	0.572328	0.525566	
0.493234	0.578429	0.317047	0.29697	0.54078	0.449945	0.86857	0.415661	0.654905	0.406318	0.745247	0.444725	0.304629	0.227641	0.404664	0.130424	0.588917	0.558089	0.853237	0.536472	0.358974	0.120394	0.269344	0.617115	0.542574	0.760395	0.845223	0.211451	0.685569	0.768384	
