15
22.85609621	5.138734294	323.2131558	25.25800264	24.43683353	56.19429825
4.324040796	49.81110483	76.74034666	21.55628332	10.61274383	2.209826694
99.0046035	93.09140142	453.6222476	91.25342241	10.09260328	42.12416729
74.69879585	49.27851805	397.5326059	85.85334067	99.96994677	8.554612242
18.29452814	136.9328981	474.0844594	51.74829398	67.03899142	31.36221038
78.42617612	54.19656543	157.5372346	58.97551951	84.79274302	90.37545813
86.93843454	113.4192148	334.2520975	76.95965139	91.81073254	57.70548897
95.66094677	145.4540347	345.1440572	25.78118995	60.9566742	43.74340156
51.22950626	45.51377455	278.3111242	12.8414216	12.92920849	77.27475332
13.94817247	56.16757258	247.3504592	64.29996278	79.31152838	23.33428492
19.46064997	5.652367012	249.6256923	49.3948581	98.25065637	9.294144989
63.78235657	142.6408664	248.2582843	99.34633914	44.70846311	55.29907609
78.56923643	10.61747489	226.2051496	61.17601088	92.62742871	22.96788287
76.50460863	27.72138909	98.30044865	69.80274304	80.14654494	1.425887117
2.088887664	38.90416115	248.3523858	81.16491006	6.151370891	8.007448169



# Generated with parameters N = 15, R = 10 and D = 20