15
32.00212826	252.9851703	549.4188687	92.23225764	21.49452599	65.28447029
14.15951944	79.48535647	383.5127284	35.0473139	35.40047251	39.69975231
56.15738575	213.4018585	544.8086258	54.05816222	30.1257138	16.69780713
58.08847301	173.8276526	451.9366877	27.79485232	76.01310503	82.17715499
3.436461139	143.0626128	401.8045595	21.0112311	27.13713584	3.507507832
17.90136712	116.5616402	465.6828965	69.92705496	85.69283149	11.42518535
6.604461047	30.7433223	119.1798725	28.30009429	43.71399451	44.8012452
75.86182853	11.21944384	157.9936028	14.3475056	39.61752507	53.53879278
8.736155818	14.38316789	403.425117	93.68556329	80.9800201	67.25701248
18.43969319	226.9970708	448.4284331	80.48991024	99.9092838	48.45625325
10.59181062	210.1022204	293.894802	1.51435212	65.2185906	41.74519462
14.70810936	187.0896457	354.9153803	66.80547691	19.08646518	79.34969588
82.07268479	10.31508301	208.8011419	53.99663185	34.70351117	76.91830134
27.97855197	48.57839806	329.9391406	72.74728815	23.98245425	44.44512232
15.91410455	34.4952535	181.3136368	37.6682777	42.04780502	1.054526006



# Generated with parameters N = 15, R = 20 and D = 20