30
44.57273549	146.5606928	227.0141526	64.41019474	58.87196709	16.66099755
93.37266298	9.792541884	53.14693405	38.49664929	39.13055987	90.38003299
98.94643212	21.2765499	78.88993596	51.44645509	38.6089548	65.9188773
32.06134375	149.9142982	194.9408442	25.31754241	55.7324625	76.81476747
59.84918987	32.60772155	43.11681182	7.448111476	97.78186763	92.90769503
24.25271058	51.10110058	132.6728775	57.80411084	55.08342106	19.31458441
92.33542151	88.0542273	159.1702607	65.73042815	25.64522798	61.86676091
52.92366707	146.9037352	232.3741397	72.8306399	55.8329411	37.2371679
88.67769388	36.83716264	114.537666	67.95620087	4.895523272	95.94999877
62.38137114	10.33441928	24.65512131	4.82676343	14.744893	27.09408604
65.55641771	56.56724584	135.7876319	73.01418533	72.08875423	77.22012407
57.29628542	112.2986095	166.1058413	24.9989954	5.577127006	99.25319986
72.32228243	23.25831417	86.29786322	41.19174356	40.93296067	18.39348181
22.71740741	66.04144821	149.9836608	78.48982705	77.57264893	55.06131889
20.79533448	51.99534088	142.7942536	67.94978992	75.10656487	26.91524537
21.87185982	19.80549615	52.64132964	28.36834426	21.81684318	1.829692202
89.00617351	90.37154599	175.3366069	62.82499779	12.12820931	10.22443801
82.16006052	112.8362308	164.7924641	45.01872662	12.51233458	46.65971074
41.3580472	86.11257344	100.1014798	2.636886118	36.61649812	81.80324058
52.37980338	103.8143051	228.2334223	99.45372963	45.89166397	75.04573861
97.37817906	77.47424742	97.60976385	12.48966625	6.393924637	55.95105469
38.8543767	76.95271905	152.3992371	54.38863138	36.67009425	42.39844708
3.176428204	11.90135893	126.3691121	88.48513539	84.9265107	40.58231156
44.10433678	109.5633305	206.7168407	71.69084899	87.33472565	61.93765508
77.01675155	78.03138929	92.9486815	11.17904488	79.24819161	97.19473062
2.447386837	140.6227251	156.0083882	11.85710822	45.82574532	58.23746005
23.36173868	23.36600843	123.3164176	94.00516878	16.69674238	57.92654551
86.72311507	20.25060498	89.44443765	65.69617158	67.88903102	52.09566491
92.68507593	66.12380937	156.5372563	83.63556367	86.40593685	44.12138237
16.19831093	116.7035342	130.6696338	4.310112676	55.25635821	15.45671316



# Generated with parameters N = 30, R = 5 and D = 1