20
82.63366726	8.267593095	91.71333846	81.12300765	27.53034733	76.3157088
32.01703863	14.66640032	61.47325892	38.43800857	8.891907107	32.11341481
78.9620526	2.80648039	79.20498578	15.37588059	11.9855295	26.17881061
62.20427703	12.36698171	136.7787362	37.89035026	98.51967759	27.92242883
98.66785728	12.61451172	239.6758503	87.04382808	43.98339411	25.81392865
28.16625615	6.542679971	66.20742256	20.06805243	4.400410135	34.79858742
13.57989882	14.58299271	136.6669632	3.864120519	84.45731187	40.05594881
18.42757859	19.37751979	145.3692552	67.52199487	40.80250392	57.74708518
36.45005453	6.183072317	67.6232817	61.00075298	64.33363755	88.38932422
55.14794183	11.30068561	232.1994145	80.45248877	89.92020955	23.25301934
41.1226937	8.098764306	194.2169837	55.7022089	26.7082653	4.045762111
66.31677903	0.4300794744	215.9317831	70.70301728	90.04154286	78.73711227
70.0726348	3.551430337	124.1419179	72.99277179	8.248625468	39.95564182
16.3282248	14.69594558	117.1520489	16.34994751	74.71134676	97.63250418
83.98263548	4.560978896	157.3185588	78.30704469	48.30043508	63.38286384
84.94685647	5.470468319	154.9937582	27.64862653	45.92808977	8.326070735
85.36790019	0.06456786	185.6690036	3.064705475	50.53626861	7.835521849
19.07565053	2.47875112	124.1540846	80.56437368	19.30700621	48.09256685
79.26217317	0.7854657076	198.9390565	32.3466127	92.56112407	46.76329203
32.8006082	7.501853698	82.38477899	36.06859203	47.96336107	77.09346183



# Generated with parameters N = 20, R = 1 and D = 10