40
74.01994837	181.492181	245.5133475	49.26948177	47.04729701	45.0636243
11.4735276	66.0630849	317.9920517	62.48833705	3.767845593	52.7403904
68.43257882	4.461228233	109.6130227	49.2875167	67.13118353	94.91338241
85.87228921	185.9012237	431.5067194	95.11558539	42.54851824	37.11876763
94.78580134	78.94477167	252.4233009	59.36219981	4.899384166	96.00210793
22.07733521	57.81500595	116.940475	57.08399644	42.04883401	21.97491833
29.94107263	37.2787664	220.6482407	90.85168185	18.71959196	14.85846071
66.12723124	161.6291226	427.9726614	93.35667679	48.50936678	13.0895231
14.45404599	69.14974064	262.4305838	91.68105194	44.84220514	48.99639527
49.39561886	73.10315745	242.6010206	13.5006961	72.19895788	76.16701616
98.57145561	81.7287489	219.6981471	42.42823066	56.63513311	93.0929899
95.46304851	151.4924223	309.8605086	84.32833562	40.80292354	78.56886081
8.380423599	131.5855826	266.4012976	97.46209607	78.39596115	21.38351591
6.763347173	13.84379938	245.6501685	99.95073733	45.12810313	99.27488989
34.47618339	44.14285424	130.5978015	74.41775331	80.32063314	44.45462176
70.20615529	6.610543975	186.2005199	30.15900638	10.19494877	67.96579281
23.55931977	147.886023	392.8505285	70.2851112	96.46941584	19.19651608
73.42997868	104.5366734	260.7934928	64.48773518	59.12370194	39.81158089
7.239717563	74.96451627	270.285223	75.43363704	70.68129528	18.78968612
24.57806092	88.89569478	318.3835979	43.5597978	40.45311486	61.34638496
1.167974062	190.043607	436.6070289	54.31303577	44.48373974	31.75739187
44.22575229	129.2343458	299.2759094	13.53762232	6.838869533	84.09243467
38.81062628	57.77079644	216.4689136	66.45018797	36.98624165	31.68535763
1.31363023	10.44656459	166.2703915	18.3852977	3.254405581	34.31798826
70.03060509	100.4280929	211.450508	49.20924343	88.95314812	82.53564182
44.53305474	68.90318734	172.4181809	73.70421596	90.86540668	37.84449359
86.98209047	41.36820339	171.3306994	30.04438716	60.30168205	76.72739442
94.86512962	26.856217	81.66674485	8.878410349	34.67869464	99.51288238
59.77578359	154.8981061	302.7953973	53.08407129	26.48818997	67.05408577
66.11270636	110.638407	224.9826303	39.0750143	43.36991193	47.60136628
93.14917028	184.6700806	278.322556	40.0047757	65.78527451	76.58542083
72.7562258	68.19299665	150.7017761	36.2467417	83.94368967	18.60782462
82.12704581	97.45091391	313.2782847	69.4246393	28.70047465	36.30702801
60.64707976	194.1043238	286.6984502	5.933413262	71.29053847	45.29998376
49.08935153	117.6571326	262.748458	82.16261469	49.09126009	30.65564327
3.177629296	139.517905	325.9572003	82.47269798	26.01262957	26.27993472
59.48370955	167.6414612	337.9619882	51.67782151	69.68144124	40.63730873
22.88446061	106.1861077	213.6164226	90.18620879	40.74910657	69.55161702
32.84016307	161.9322583	336.5290756	44.7301304	22.5454564	2.447838761
90.03227265	117.6928389	235.0857404	16.17844072	1.055036327	65.18477559



# Generated with parameters N = 40, R = 5 and D = 5