20
40.11793248	3.704883478	73.71638503	22.25928783	17.48797365	57.03506295
53.43361547	9.7106801	169.1460223	46.17853651	60.23141086	97.85767394
48.40318926	12.67558901	76.40713369	29.26018142	45.3490155	71.16817775
64.25708275	17.10037636	130.3052987	75.04982566	30.76043816	10.65067133
32.21379555	0.5444169141	252.2722745	98.35156958	48.34822626	99.11687162
64.87901125	14.78138033	239.8153441	52.55606348	23.52492166	99.40680269
26.57116827	14.37245346	190.124721	67.88969625	61.47359908	14.88156045
81.1274604	17.64165719	209.8414715	92.23548195	37.26557585	53.16083256
40.94787776	3.804786643	211.1620214	56.79265257	32.56124059	54.83044896
57.73306793	0.7617747175	280.1420508	79.88345827	9.936425715	33.20475174
25.37046407	0.4561578131	86.75660254	56.68223169	80.28070195	29.54289717
52.6837603	1.611136271	116.4649122	36.20576842	27.60882838	76.44178202
21.53076343	15.00916782	249.5956665	48.03489824	11.34184056	69.10351042
25.2555713	3.0622136	61.99191666	18.32390338	52.0149971	11.7131937
76.35452957	6.674484932	135.1146743	82.62138993	66.6242573	60.40812966
24.2932934	9.083828261	199.1632193	98.48419227	1.026585006	64.58762892
46.752025	2.452765913	128.6108171	85.31876118	97.51812336	23.68973047
61.1214011	9.843890099	218.04142	58.11691753	54.05135352	90.04071503
65.96017537	14.39121984	49.99779459	30.06160107	89.40294177	3.575946326
81.95287084	17.74713904	189.201013	79.09846176	33.3033373	42.96850886



# Generated with parameters N = 20, R = 1 and D = 10