40
58.73186033	562.4535529	897.3328908	78.6948368	43.04680935	33.80468702
10.10178309	328.5409216	570.3638381	11.63733161	69.52763954	22.45880298
81.06661199	21.27143964	272.5442824	45.07734852	49.65941328	6.893921663
68.28045298	162.8683374	553.5552685	87.80277513	93.28180711	9.245336464
35.7361364	643.543861	1061.378868	86.19957349	19.35255012	53.38972837
63.04487552	360.1655649	458.9004001	70.46886705	84.35813225	10.72595654
96.12976702	482.5472143	867.9613751	87.41517676	21.53420788	24.31633247
87.27860218	204.7115377	554.8735484	85.22944814	90.44198051	56.1392312
82.52137791	342.2062473	600.8258735	59.83152946	46.72983976	68.56254455
48.26199168	365.4126439	719.0051297	44.21358608	10.45615351	53.18099366
30.15297657	19.89783735	411.232606	37.07313749	17.86867241	38.32208436
3.671438275	412.629046	581.6345021	16.72852629	11.21331049	82.90675809
25.87901936	340.3540788	586.7791889	44.74853206	1.596751388	57.6823994
26.60038072	310.5027346	715.4543517	71.8585978	27.99568643	3.918426739
67.97544625	327.6426826	490.6008587	58.93390094	68.99836114	87.52852812
30.09561312	626.9449555	734.5933465	71.77206569	93.03000091	32.55220063
12.08136506	780.4388636	1175.126936	19.6606581	36.72848823	23.96817938
74.6723442	624.4749944	1048.582389	82.95125069	30.88287167	10.17822095
82.05903885	430.5988328	682.9720814	36.70285327	33.26425403	27.19669948
93.49678092	135.6887556	289.1954789	57.37477565	60.32955429	53.73594243
63.63600948	606.23165	1060.577679	57.4410817	60.67340177	21.96275995
65.46120225	216.4387134	361.9511485	72.91715425	2.756844876	11.06558062
85.19879407	777.6077303	802.8902845	14.89055416	94.69838344	51.90704347
38.76808162	685.6562063	724.3076125	2.31263877	9.299890918	38.58257007
23.11622704	115.8983303	181.2727623	56.1351986	3.845247172	70.38069812
62.03577909	398.4073784	794.1042903	37.43966088	34.111939	29.43082943
32.26171045	623.2552848	767.4056938	82.57614983	85.08903431	68.62695849
77.90029003	361.5408621	548.5156399	26.50154825	27.87184109	60.94916081
39.73318614	186.8827682	479.1553637	85.32149529	99.64052581	75.48847051
73.79033523	79.31498949	487.5383516	58.92176003	17.66203653	25.4100398
13.47438975	320.3499217	497.4270137	37.7675192	85.91364788	11.78019041
26.90813946	263.4506016	325.3818912	54.21122403	2.93275597	89.75416249
73.59436825	487.3902743	669.7641781	30.41403968	59.76276095	15.40025811
48.98977667	633.2006946	697.4858312	16.78811827	86.4660181	52.08158473
27.1095548	401.0901767	768.7147971	5.542489312	19.02473158	20.17247026
39.52230574	87.05148907	303.9156652	21.99603386	41.96188643	92.24013899
79.96397765	443.143498	512.4693237	48.49831368	99.38658751	26.64073219
96.71755968	271.0886105	623.2558052	30.52238927	91.75791826	55.14668941
97.85026112	550.9627864	957.2374832	7.185202335	48.94372479	79.74740654
46.07392554	654.8507466	910.8655819	31.78875195	38.878869	88.94201757



# Generated with parameters N = 40, R = 20 and D = 10