20
79.85200785	3.907849965	398.8066671	23.3176769	91.06317386	60.70065887
39.21533206	19.82945071	174.4149591	23.46731481	81.93552543	98.2023053
8.114359097	7.256020307	276.075575	13.68557796	39.56696912	34.31210043
78.65797852	2.81006588	156.4606593	92.1349836	58.62876039	62.69242554
1.639566051	17.93873038	151.3798603	88.17026732	60.82560657	91.51771017
61.19796735	1.589629401	314.4940025	9.464990846	5.479993382	84.19126698
47.76292122	16.49899408	159.3301543	32.11345265	69.65635552	65.91868813
59.09095079	13.49497345	485.2013715	92.12445698	35.10293541	96.86463683
85.88735656	18.25587841	202.4595772	83.75589105	13.41429769	9.077272148
55.73268002	14.27438774	147.350266	86.29130747	28.84344699	80.09711441
25.3947342	13.14650596	96.35579278	33.19849518	52.06348534	3.634706547
54.68796562	3.495841269	343.0323204	53.42536302	39.67526691	55.84430877
98.62167163	13.24057695	177.1401085	97.36988106	87.50037161	73.33700388
33.33440114	2.983493415	374.6359409	12.96097765	54.10143347	27.28110115
55.12727815	19.11881923	419.5265911	63.66459207	96.64928527	45.49121728
58.99104119	16.31785725	99.31640142	78.06178367	61.02659816	73.17312635
63.98807214	1.39752687	407.2412695	99.82353803	80.46525289	7.864616334
95.8062729	14.0449608	424.1722591	29.15799305	80.49151081	1.173237898
18.27866311	9.53028011	230.2018832	32.69020203	4.018534651	29.1238583
87.60876763	16.77422391	272.2434288	96.39297254	69.65976506	34.1989042



# Generated with parameters N = 20, R = 1 and D = 20