20
94.38563659	13.74110746	382.3280443	56.82220813	93.82938448	31.98559588
32.19786579	20.88355767	225.8900237	6.000986861	72.76884092	55.32719431
79.70025728	54.3987193	106.3965973	41.46915406	17.18200546	65.6907646
84.50463713	88.79204545	492.4534534	14.51996693	97.87279155	10.38243822
54.36162802	29.27767113	244.22205	22.75486774	95.40054414	67.7918812
31.37220746	63.52948522	399.3399611	89.22476673	47.66839962	70.69634991
91.19842427	81.73514849	299.9547396	60.50509676	28.9639043	95.07255802
72.93017843	36.33462674	284.2138534	51.07394499	73.47428259	6.805802824
9.386682999	90.11087608	346.980978	65.79450708	43.00736022	11.03446453
81.46447811	74.09905829	369.0830152	61.87477748	50.08248848	15.52261213
56.51834992	55.99279349	406.252584	67.7209385	99.5328828	89.98133421
69.8870942	7.80406587	265.1640693	93.17752888	7.616016716	10.75891898
73.83981588	97.48678149	235.2251483	41.11235974	19.13213981	37.26460448
18.39334818	0.1309781256	270.0355001	9.783405977	23.69759828	5.502770441
19.49580463	21.19324339	414.9690815	77.83425538	81.13648313	12.98712153
32.95465289	19.66308784	443.4606958	47.51364236	85.29635671	96.64020407
39.36716085	75.0854924	267.5023828	17.25037536	49.39353905	45.28653667
33.31490982	62.57389712	115.4601133	34.10964852	60.83244559	11.81750792
91.95300189	25.87164145	125.1772464	70.61466072	82.67603624	4.284546707
77.59597987	47.62861642	349.536439	55.85466625	25.05879829	54.38019784



# Generated with parameters N = 20, R = 5 and D = 20