40
94.7542005	29.58994115	70.49636351	2.325888691	6.294673169	82.80682413
70.85239945	30.47165426	700.1641228	16.56127998	20.06150208	64.35532123
55.11583403	19.82113253	527.0598069	5.991656751	45.76444603	53.8949771
11.82523414	2.111516775	185.6484416	42.91278267	84.61367391	96.66900933
26.20468712	33.77752937	225.1829503	69.35772161	20.44050477	42.29730995
76.32739686	22.37824641	136.2507359	1.895267605	80.02845753	69.33210138
46.87866293	4.804510919	797.5528356	39.17065501	89.67025584	24.61851416
85.28769112	35.50924644	657.8599441	12.91477411	50.27923606	6.411522254
44.6326714	33.33808772	520.3459687	58.66496501	49.67142693	49.92584945
1.140923672	33.90132948	700.7948647	60.91989169	92.68402204	68.76223781
5.152386514	13.15518163	505.9715597	86.66851554	12.07253718	36.29397671
93.10400811	25.74451993	225.7841911	15.68627856	61.49358479	6.491105521
37.24942127	39.32142295	121.0047205	47.57049114	23.07859713	9.992642719
50.40442835	28.93449462	422.7861347	70.01052937	20.22632358	67.86205875
86.5293666	12.95900937	85.85741087	59.21339652	22.89483526	43.4605098
7.176468522	38.79259121	892.3823673	57.02029896	87.62400652	55.76985151
95.05896505	28.91300545	283.3875196	17.04616268	29.55979	97.27543562
39.67040474	22.86393114	182.0388175	45.77616749	51.97472519	4.547868935
29.7829898	0.8527133745	818.7658793	97.37570922	10.1998344	93.48924262
81.37442733	0.331918999	94.35238507	60.62249279	90.13589541	87.9905362
4.077581154	34.63909367	722.7814319	13.56334268	48.14467661	65.19759045
77.81212625	39.62641639	336.5806702	50.28991792	31.18629599	98.62183725
24.48806946	23.06542717	663.4131382	93.35727532	8.187984231	10.03303034
5.268045087	0.03492782641	773.3009828	25.41199186	10.97154633	95.36556464
59.82472303	4.585899945	186.2596345	18.62046666	40.90658601	7.299618405
94.00906856	20.0601916	715.5109971	67.80298446	86.37568017	55.33120411
69.13527393	28.98734884	447.3025275	88.80533196	22.30510425	97.98877286
69.89458686	18.25305782	534.6156759	11.60749022	94.78754428	97.67596684
50.20341989	36.07615926	665.1602752	75.06379652	63.52988626	50.75311136
24.99140152	0.3498133197	611.2816161	3.401805606	68.58514332	24.7939805
41.08384975	16.01474787	707.7680056	37.55363108	32.05203494	56.54430909
78.89827404	31.27505191	779.0885342	6.434900644	9.392839068	86.4761429
15.76492185	24.07064011	871.0850682	68.88472254	42.44764797	70.59405691
63.15116757	12.24023552	532.1792248	40.76383768	32.66313475	85.29176983
16.18601938	28.67774316	115.7347355	38.50379152	32.99890397	89.89422625
72.58855228	21.56383266	654.7098842	94.54846406	24.64903719	61.67223114
19.41629349	13.57571087	644.3965326	97.21226203	92.82583069	65.66880982
51.05118058	11.14681786	800.6950048	68.64763128	62.79211115	29.2398445
28.09493392	19.97358094	690.7437304	22.01573937	90.70888686	7.771010685
84.35675131	35.19428979	491.4174598	46.56531513	79.83940625	48.72880472



# Generated with parameters N = 40, R = 1 and D = 20