20
78.76077066	4.781975833	108.9625648	86.27050613	75.77426779	27.37533457
38.30444516	191.6698494	247.9710646	41.45617356	2.985770403	12.59015971
32.68662353	4.710421489	69.57194284	57.4795382	97.97751451	41.70070884
14.91787695	146.5496316	247.1894138	95.41092725	60.73007619	47.44211821
71.65123158	166.1782892	189.8963405	19.33558183	97.0681585	5.114289652
21.78871495	177.2658428	274.2535217	88.35834389	7.382786769	88.92097104
82.53212373	84.57775003	179.9113416	95.00849447	6.178166707	6.299831808
79.96827112	97.2770354	161.7777827	60.87666822	95.54302581	31.88974943
82.64335626	110.9898013	165.4059898	40.88005439	99.64193282	98.22462204
45.37917492	41.59048638	71.97577934	16.18925098	52.73920669	83.01372381
65.34326547	36.70260342	74.03660368	33.76823227	14.2705684	39.32588899
38.85182326	112.3875866	158.0899357	31.68249457	39.13944794	82.88693106
57.70155326	50.67844774	150.1302942	95.35946361	86.6275039	21.64004514
63.54588896	124.2279647	141.1269822	3.436161951	71.24488808	92.62062334
35.83368091	14.79786227	78.65803567	60.03501774	80.8885307	79.45140087
33.91071059	124.4988555	211.788095	67.37883728	77.59753293	81.70310638
3.455063752	112.9783222	174.6954935	57.44115027	39.94996626	7.445944027
97.03692225	157.655622	208.9210804	43.799647	13.33476506	16.55340859
32.33074798	117.315977	232.0284725	98.64715547	32.21926708	80.93814885
74.71908734	168.0727184	269.5904878	84.34298041	88.15565335	49.2992437



# Generated with parameters N = 20, R = 10 and D = 1