20
83.27146323	3.801071422	125.9437805	82.44373956	49.44640321	40.33085887
15.55252639	0.1711543909	37.41478608	4.171585295	98.31994902	79.53177555
90.60300014	11.24992171	111.5555646	26.91451106	23.39005416	41.7390395
25.80291021	12.16178541	116.452622	62.75850936	84.50509784	34.5669675
98.95443667	15.39176722	138.9203765	33.7898334	96.434171	74.81704478
99.2870079	15.24867016	146.2333364	34.6811142	10.91699682	53.85565577
97.47918757	17.83891913	70.34885271	24.39575182	75.60769867	51.18529795
6.189446069	11.3016821	185.0286834	86.24747727	30.01730888	9.154871589
31.32512602	13.43694482	120.5799635	76.06634749	36.436537	55.22998146
77.53494373	0.4934720237	74.84014375	57.1556334	77.27215593	73.54889416
9.211585892	7.410497971	60.52605809	22.47522191	24.17223745	7.12459209
12.60937654	2.112263966	88.01015301	40.19861859	31.40668054	68.75589945
48.83744144	8.328674818	145.2467474	76.29805257	7.352276018	16.80830278
40.21256401	8.146629789	141.1995595	81.38836848	81.36533538	69.94624241
9.718892442	0.3826179307	77.81699946	50.46620528	62.38152988	16.18625341
8.916373851	0.8876601563	92.44531965	5.77701029	9.026514844	97.12035537
45.00383646	1.064131354	112.6497231	35.01833284	53.81058223	83.48894866
97.29868987	11.7283145	60.06721355	5.425927587	84.62709766	74.39938919
78.67822517	15.19318698	136.489105	43.34370599	73.13004915	2.654042292
70.24560065	10.27156013	46.91552342	1.950282463	25.63616608	49.33527256



# Generated with parameters N = 20, R = 1 and D = 5