15
28.43195842	7.694586841	100.9344555	80.87467564	88.67549877	53.06341249
95.79184128	12.33392567	86.01588224	67.30897185	13.66790822	79.63900944
21.71977344	30.02106687	75.94054499	31.18171399	98.4738277	37.20028333
59.35978479	19.83684627	121.4722891	94.65909783	16.56727182	45.94920054
32.88791448	2.9972795	19.18499335	2.196110125	16.21906095	28.97133397
67.82387629	30.75920832	60.57743281	19.98531843	70.02140406	79.4724505
64.8625047	26.07625622	117.7540321	87.53645354	77.61896595	66.32716085
69.45361069	29.53805213	41.54019106	7.811712323	53.08808434	20.46068909
82.02998485	67.34316957	112.735235	45.20492965	65.35281661	78.05734843
56.04644302	49.50880179	126.2579902	65.65451127	88.92807748	68.86350168
19.81790738	27.83799865	77.14308033	36.75399454	74.27959408	17.9865922
26.58778497	21.15261052	66.88282099	41.74528746	98.0908222	2.082418122
78.523368	41.76583441	97.36285665	47.48367891	56.8807446	84.9671988
40.23160444	20.44853126	86.06132378	56.18357538	35.08803602	2.614839164
93.01283204	4.725603316	45.67139183	35.16090631	6.636889495	69.19769842



# Generated with parameters N = 15, R = 5 and D = 1