15
70.43777034	31.54646561	126.5296143	83.8039551	1.731121667	18.2330605
13.82597114	90.74643959	117.9183598	15.52623185	43.80808851	75.76557424
8.944098501	33.96961391	60.1204343	12.17248873	67.17694724	54.67421964
10.44951003	70.74177501	113.3204997	28.23812653	2.9086614	28.1932679
91.90722036	72.88910012	155.0202076	70.56810956	65.29775045	47.35047884
44.88586192	38.03527493	125.1352072	77.2489753	28.87383828	54.26972065
24.73488667	131.9963078	198.8631579	57.23117299	77.3371935	54.76795286
43.94112508	54.57052112	91.15897396	33.22332805	90.54821707	43.17303382
8.617069135	140.6023461	200.41549	55.939311	25.87888629	24.20943841
72.1021839	130.5851854	235.810579	90.71888795	1.431864801	34.32095589
37.53516013	58.67836918	107.4344787	35.76096311	71.47828636	82.76393308
41.72683295	62.30718779	101.6720068	25.19047745	95.13126568	96.35932801
52.86981992	16.1106609	73.59543698	57.03508035	55.54007608	57.30727414
35.14694167	24.28450763	74.82005325	46.14470826	21.84077204	90.53106436
37.92989124	80.39099939	86.12649146	1.284321272	90.21560437	4.207278891



# Generated with parameters N = 15, R = 10 and D = 1