15
2.787585462	105.5659925	221.948768	71.00580285	31.32007708	74.96089726
58.25144223	119.5649377	263.4266139	78.25649142	97.42182284	20.21789981
46.58487801	106.5921832	172.6937325	29.17077896	82.91091039	74.62158416
33.38630724	92.40910787	227.1677949	75.98914831	20.93545154	91.88316649
31.46593814	123.0090832	184.564493	51.20180698	56.99017976	80.93893435
42.50746367	7.209057034	74.67032626	64.31623061	25.30449272	82.06275835
85.1571328	64.92384909	105.7887391	38.29330013	42.0712555	3.120048258
52.76322412	37.13805735	86.05852493	25.04687793	17.41230227	45.27100554
70.92763059	91.2551888	108.314302	1.324186039	52.55170605	69.05786806
24.18323156	91.71074039	157.6326505	5.129095816	74.44801611	5.380047729
79.72978081	16.88804169	77.12490482	45.14895983	7.128198943	42.76618499
56.68133213	89.31411078	200.5928841	56.10993591	72.90065526	71.940503
2.964034448	83.39255552	203.1527054	62.14444238	25.40853462	34.61532066
56.31732453	66.89842707	116.2127972	32.20191098	3.23866313	87.49735662
48.87625245	22.80052524	129.9767838	62.27745335	55.57311744	17.64655265



# Generated with parameters N = 15, R = 10 and D = 5