40
56.83625417	151.9326624	405.5740754	56.38578403	84.24953355	61.24289546
19.68293446	442.3316243	612.2480585	71.38444453	65.86699937	20.29906932
49.71812536	185.8517288	376.4622293	82.00394594	6.84729899	95.52452687
27.01474041	675.9683134	938.9802656	76.2393197	87.2080999	17.24828839
45.50802709	96.39320716	151.8692744	25.60286582	31.19718349	25.32460104
71.77470839	128.9288763	228.8953032	30.820299	95.23165557	67.20180018
80.91287621	685.1054626	902.4685125	45.22887441	31.94695754	47.74115069
59.98718191	300.9364361	451.7883056	52.33989273	43.56539807	37.31588003
8.676805595	710.3929904	813.6632187	82.19945169	59.95815432	2.25243426
26.47561323	162.2368891	276.4720824	25.03554422	64.4921358	93.97889133
51.61582036	154.9919348	244.9141157	84.86749395	22.51938623	43.22958107
66.70527351	221.6399685	432.3529784	66.69439261	81.97535964	68.5517356
92.82405342	47.03176418	230.8713543	70.96227362	27.08464795	30.17596719
28.47729595	366.2787223	596.5198552	58.09179257	87.52233394	57.12574407
99.86338552	128.9040532	308.5518956	98.21700072	77.45745147	99.53103404
82.57082656	560.8947039	784.7930289	78.13745794	96.23144557	41.99061018
91.91764585	350.6921063	502.2354212	21.8379207	19.54181808	55.31149837
40.53104971	465.3559543	557.8281466	35.17056594	90.26537718	41.29318578
86.98490134	670.2150359	914.7254868	61.59303274	55.57818143	55.8604387
7.436237139	5.764937332	204.9991221	83.58693155	5.644380396	92.65071226
94.06204542	274.3884719	465.0073104	86.89175106	25.46013522	38.94470532
87.08228734	152.3051725	404.6872342	61.92022971	43.25196797	73.12220442
77.6619934	538.7680379	673.4879138	65.154199	18.21179207	73.52873673
43.40177766	446.612291	510.7183208	60.94729775	60.30578625	93.83584014
17.20676808	516.53838	530.1985437	10.04528841	14.20080419	42.86613998
30.24362606	108.3621959	249.9936879	94.0015716	2.368456761	60.06467089
29.98224827	584.9726264	872.2047598	93.10727385	21.91581042	96.66411204
67.93704505	322.2215501	359.7060784	6.943142816	88.23968434	91.59358957
11.86599671	595.7121676	768.9168474	23.84202567	46.89582562	65.20590736
20.92126843	260.8756759	387.9153952	58.05267106	26.12215143	90.85058269
57.1004743	670.6211718	884.0248206	93.2455524	53.79684023	61.5624672
73.47991596	528.5384615	683.0723048	11.70389803	31.22565354	1.567648653
35.28239381	771.2533989	996.5047901	39.20427036	16.15813478	48.53496444
69.61814336	56.46775289	185.6598009	58.95007679	13.28642364	28.6363986
30.80017613	463.3990188	588.8648211	30.91311979	85.55121017	93.36500926
34.29156478	404.6131587	603.739876	8.149428483	74.87169801	57.39866587
79.58663214	519.6245213	625.4325091	9.503369224	55.07319365	24.48359292
40.4945094	100.0015392	270.566915	15.64331391	16.16803208	49.35790405
98.79747882	330.4904386	574.2449419	75.32212433	6.030021856	41.35177733
48.29154128	772.5636575	946.2311079	58.88956391	4.804566086	29.01458698



# Generated with parameters N = 40, R = 20 and D = 5