30
32.11900448	28.93457449	142.6224954	95.66184798	8.93646246	26.51090116
92.05187958	580.3218125	609.2163017	2.590989716	67.51147079	31.86851531
31.13157271	155.9251617	274.2900592	98.82248051	65.92923566	35.79073197
17.94173119	430.2622446	471.2701208	24.03105177	72.1766204	80.47058276
70.66831577	553.9997311	638.5504812	58.09943812	95.40001246	91.83588564
19.82894241	319.71999	425.9920211	78.03505114	12.48020957	67.45148238
80.6792247	286.0450152	365.9987451	72.16293727	68.19422837	98.12163171
75.08338943	153.9453883	200.1420441	24.15199552	95.85725808	36.01744061
33.58376652	400.7079742	416.4804999	10.86107622	72.68453092	9.18360404
90.56036926	284.2101239	334.384911	23.03126756	41.25561105	38.34840401
32.52160973	460.2963843	514.5132183	46.21183057	12.24946312	35.09732272
22.82739142	296.2985532	366.1564627	40.54711509	99.12435972	65.14917676
39.92472316	307.0685189	365.4979023	29.84546948	98.71481294	36.51160833
98.72504686	106.865835	171.2995006	52.92231448	53.2927217	8.990044372
39.69399347	117.1198455	201.7516397	68.34594455	73.00766322	37.88015762
3.595642107	263.4664534	311.8430704	34.75180952	57.75062288	46.27067726
10.15159049	306.0453838	397.5818563	66.95483336	74.21599834	54.42459447
62.13299106	427.3584591	508.3080168	78.6669439	52.99546754	83.5480256
15.96959493	77.44286096	171.2639175	83.65359819	29.13825428	71.61787748
14.91468254	393.2706141	419.4372882	1.428931615	18.63296476	34.76601314
99.20595289	349.6125289	406.6099484	33.5348444	17.54151967	64.2712512
79.52182365	219.1090635	251.2809162	28.50058958	99.05311014	30.43175033
32.19318659	224.0956306	257.5054816	27.28615022	75.58470419	9.567965518
29.4347251	84.67132991	168.3319663	63.89464017	74.62601303	98.96674717
4.729994369	501.2399616	589.2510408	65.61552087	91.45458574	98.2257327
13.97526063	514.9510277	594.9688664	55.46020927	38.73561558	37.8038345
52.78761027	360.592726	427.8722124	54.34560405	41.99292009	90.60188515
53.34696559	479.0427806	560.0290028	74.75031861	24.51223336	7.965044199
67.49631639	364.9684435	390.7473984	12.42885198	70.96648504	77.62349019
68.98900469	508.9789449	539.3242348	3.709755403	43.83264279	56.13259465



# Generated with parameters N = 30, R = 20 and D = 1