15
15.12655405	31.00846006	336.0376739	7.679629083	55.84788338	83.08337665
36.23576017	3.532081077	156.5602784	71.46331685	70.21717994	60.61574435
26.7270496	2.477931774	246.6185074	78.3275955	53.69126464	24.04950073
48.83811254	68.43918829	228.5010607	44.12109532	10.21407417	23.64495118
90.88587441	74.84777793	176.4487822	57.25118802	35.63529026	75.29449191
9.269905554	28.41086291	293.805532	97.72350245	66.5045658	36.22168675
64.07334048	31.46545583	89.9578336	2.573015271	65.89033066	99.71568444
42.69374628	18.78630881	251.2997341	93.84291547	71.19985253	81.21786884
76.58267539	15.47093083	257.0897996	20.1325799	19.94051163	18.74993176
84.99123439	12.04378476	198.6274769	74.71274301	38.75041178	60.99927204
29.74658931	16.14495233	62.53507122	40.88022919	99.59291307	1.463230327
75.2232577	25.05364904	152.5000351	85.79812191	2.240197616	78.27288595
10.14175365	23.54474641	349.0258474	98.87447707	76.21920239	43.76466209
53.14667932	64.34384095	235.3506397	3.709878883	21.1392932	68.82384331
66.36315906	14.30475274	341.7965746	31.54859498	66.36403091	38.24052854



# Generated with parameters N = 15, R = 5 and D = 20