15
17.32323787	14.39369301	88.99445846	8.007929184	19.91063547	34.14709156
11.39374262	82.12789418	216.9321852	79.28805716	57.28832746	32.22634846
37.07543704	22.68803503	137.2050939	48.64100325	6.272322291	23.36344029
30.36752843	54.98882931	133.5585304	73.6160931	88.95706385	90.53985789
65.90133883	110.6333574	178.3171192	59.7786955	53.86775038	77.22232546
7.802540533	96.56191161	191.4616321	89.43057443	41.29951354	81.89110751
89.96570402	72.31822794	168.7863676	30.45048794	48.11138033	39.84067931
98.85914802	10.7080312	119.1777888	70.64672658	31.21110393	5.222790163
71.76387023	138.9317824	178.6277348	3.530907374	64.30194804	41.02050354
48.30924498	14.69239436	57.01783162	40.27980072	96.65404868	3.447392739
57.23957531	20.48940987	127.1766333	77.00390961	41.41024742	48.00283759
84.98445461	43.66266059	68.30634089	8.278222436	87.4108908	29.82841202
40.43189641	115.2641953	193.8718822	8.878047474	36.18730872	8.120128941
36.88444411	42.37866386	133.3242257	17.44766599	6.203037664	66.5443031
97.08281035	106.6499966	219.8655983	82.32239442	88.04052573	69.31779724



# Generated with parameters N = 15, R = 10 and D = 5