30
66.35323276	134.5033464	481.6131846	95.25438015	86.99620841	2.073720181
91.92351314	111.3635589	220.7166886	1.875387501	69.9509542	60.14560408
42.95053611	83.4903846	198.9560193	43.87059687	58.29852014	97.35515867
9.620618637	169.5046035	474.31048	99.49724349	99.97239434	47.98578919
82.9441803	148.7988031	399.6879074	25.56976646	12.694876	8.874404454
37.93233585	92.67938754	215.5355093	2.164687108	90.92925155	43.26966465
50.35229116	241.4998865	562.013886	64.57755437	6.509450254	42.26786154
54.90967957	449.5532401	691.3344459	30.07038085	76.80642528	63.02683583
31.0961527	546.8929883	824.3577089	98.39525153	7.311530195	77.89029224
91.30067994	228.5777716	457.7877021	26.65833434	28.16612841	92.07930303
50.00037205	233.0049349	384.2152678	66.6898437	38.38412665	78.83265903
75.94876155	222.2976711	473.7902006	13.18116247	23.08668474	17.59791039
77.17544229	178.7411267	415.6202192	53.82810773	39.56856752	85.53865624
65.55814417	298.0143013	396.1220647	45.8907154	9.10893053	60.65959198
90.37157168	177.6279005	432.0870436	22.93259746	27.06562196	21.4394416
89.62392724	376.8170642	676.4059655	83.59196869	25.74770749	86.40453991
78.87387462	470.7384574	677.5849581	21.05400886	15.65834634	57.52713765
72.80706016	193.9282897	285.5212419	34.6710532	77.09471851	39.96088333
10.50047878	90.66963354	346.0511802	23.56140483	68.37665478	88.93759502
34.22523801	71.09454292	374.1140028	84.21864737	50.08989964	86.01029426
95.44826101	414.774241	601.4716196	10.01458914	13.40954825	18.34605338
33.22763765	572.1297849	856.8619308	95.57264737	21.75501534	8.475161937
62.91735964	49.93990328	194.0886948	50.04033204	95.71882886	46.73024979
50.51922436	152.8708411	404.4993958	76.63617053	60.89695636	39.45516062
81.1078546	140.3060572	347.9169297	75.09461632	38.42119197	48.88774064
65.86681489	411.5353264	546.7826208	57.16321842	52.86887666	49.43103726
2.304109242	3.027400796	255.5866396	16.216751	29.96198784	96.37903445
40.13246316	568.0245018	782.9390735	95.31748497	47.38126977	4.705373289
69.44540346	460.7274628	624.1992474	57.49357286	52.03294088	60.43101403
87.82202572	495.451169	608.4681296	48.45767957	68.22174516	38.85062143



# Generated with parameters N = 30, R = 20 and D = 10