15
64.07733489	78.02593009	218.3232772	88.63072171	98.78530091	63.97516359
97.97051581	137.7703687	298.9692173	35.30681275	97.91946216	66.1640013
84.38834414	93.7293424	266.6670963	52.54496084	32.29736078	80.06962577
75.0815619	104.868246	209.6037601	3.005890176	68.89462807	96.03096457
85.58169987	125.9781855	304.0833847	87.62293688	84.97983891	90.33014449
80.64918224	98.04835689	440.348994	75.29382601	59.15604024	17.51881172
61.11789133	36.50963905	208.2190783	31.53612966	6.465504363	31.49245703
80.09807026	65.07641654	193.133863	91.7269133	54.85796308	39.73130149
74.78541351	9.205707791	192.6524037	85.23024814	15.65303746	96.00831621
72.17836737	80.28867045	214.7015409	62.99496852	93.69216331	86.35171267
25.1246793	147.9417407	415.8876741	20.7120763	81.42191491	61.43729217
3.84255369	70.41019007	150.6609057	62.13748464	57.29927514	71.56370921
55.30636993	49.44187418	293.7051635	74.23219	61.59080892	27.34724904
47.50848035	34.38477572	338.3459374	88.35549151	71.73630365	57.11597244
45.41111798	109.6938026	464.4603138	71.39337281	70.03793378	19.35609204



# Generated with parameters N = 15, R = 10 and D = 20