15
55.83387892	286.6033702	336.9913759	32.43369077	27.44089579	70.13433886
26.0265216	81.44132491	174.2661515	44.08752512	60.86872564	26.34151442
56.51435077	158.4772943	267.1266085	41.83507761	83.27071431	67.90384798
29.57205197	298.4916498	446.9582962	58.9455891	80.98328457	90.79973048
97.37769135	112.7751532	244.6836875	78.77748641	12.77809565	65.09799761
69.42309055	237.2617754	331.4109315	91.20791981	55.69385536	17.81468715
33.47700652	90.64730417	247.6576965	86.84765864	36.78981106	55.00407879
47.56231658	158.3182915	343.1210463	89.75271335	20.89106507	26.54724213
80.87665743	27.52739819	206.1151566	32.91673977	72.12375536	70.32089869
91.24438353	253.1405592	390.7975162	16.63886817	36.20805205	88.70838905
98.00270596	133.9382153	307.8668895	97.03223521	6.475203727	27.99486518
35.78921876	263.2397378	396.9589187	19.9968348	31.67541065	25.68074339
34.59184309	145.8444879	239.0806728	77.91351866	80.83824914	75.97690057
69.6919435	234.8698081	364.8384236	17.06098089	1.81819488	85.03224068
47.89126809	128.6117131	261.6938503	37.21315302	95.90642338	77.3742203



# Generated with parameters N = 15, R = 20 and D = 10