15
53.5219028	5.314046022	192.1188061	37.84108406	46.62485176	48.10472988
4.91317129	0.1556910206	158.6408301	6.06061234	75.63541976	7.547159452
51.49160273	13.68164109	251.6104905	28.03464122	53.5705791	2.212129591
77.71457261	10.27454204	333.2006979	70.94041148	6.717267916	65.30469653
61.41402699	0.5514471729	80.52253367	54.62639165	3.961895581	48.52431654
69.84028501	13.81267393	110.639178	41.09756691	3.240977905	2.145200507
34.16726684	5.148753065	85.50292816	62.68720789	3.904423511	99.4839083
96.28107296	8.054656335	106.43041	64.1956831	73.52263639	94.68662891
64.92420729	7.445341498	148.4995066	25.18641852	57.68798644	87.96651994
66.44790843	14.74333537	135.5258195	55.33837669	98.22348606	73.83715011
45.51338239	9.120197154	228.6744641	80.98290697	62.99202807	28.99197086
55.46905291	7.641401134	185.366386	58.19889529	20.11652805	31.54591245
70.80668749	13.28280533	243.6341	35.52045382	59.55060834	64.00726495
12.46029389	1.585437864	40.35601621	30.90410807	47.55805412	30.13114813
66.85221137	9.223243331	224.257529	59.39241966	69.98573725	87.9264669



# Generated with parameters N = 15, R = 1 and D = 20