15
98.12768131	33.12495207	160.1216237	98.7563321	43.16364606	34.61311669
3.746980609	67.16068367	272.9040804	65.82220228	4.094160248	62.0252117
25.60305366	50.07830228	101.3340114	19.95598019	89.283848	68.89238237
69.81891532	58.5769548	174.4620009	99.92539084	29.3694785	99.49013963
56.36149829	71.60522765	251.120271	35.09296932	85.18036621	62.57708673
71.76161737	20.49187658	184.9972496	24.3274847	11.07295621	29.16110753
23.7550171	73.1297859	224.3677699	80.50868724	70.65592981	32.98875084
47.95768708	45.87731801	143.747753	13.86341831	12.62693172	58.02969242
1.40801512	3.971178406	140.3990667	7.037779793	4.55643009	54.57890904
57.68028974	22.90770977	222.4172085	83.15592778	13.29458434	37.16591132
22.49945849	21.79366107	93.27677438	21.50509937	78.1755875	2.599729985
24.19279903	1.73627016	110.5414298	6.243526914	32.20849343	41.80182504
22.76362592	11.68906576	115.1787394	46.18435265	24.90216671	79.03895243
33.11621542	26.59971071	177.0814147	24.20457655	63.02504411	37.16038015
12.63623419	67.3645089	164.4144467	80.23907257	72.30435111	18.28080897



# Generated with parameters N = 15, R = 5 and D = 10