15
68.00519471	39.24609269	124.3652649	56.87543468	38.20182557	82.44134055
91.17887357	48.4739112	219.6353357	29.83409506	28.68911955	4.186813687
97.25078423	47.74298797	256.5559344	90.49753484	5.343637657	46.04417746
82.50693126	35.50308427	124.0606027	63.49895017	34.05928148	9.477330186
3.308937452	22.03754362	178.7420488	19.31996808	94.47298016	34.95541248
12.5496302	14.53274068	47.72787114	4.244235764	31.1488199	33.16499699
38.51020812	48.55061883	123.2375646	19.60768548	58.40318497	95.4422914
15.58363141	58.8367458	128.4067754	14.68563615	10.40761905	34.63235571
26.70142078	29.27090775	118.4734692	72.2427726	32.77340014	61.57828371
8.288886208	4.454075846	112.9089394	35.49495344	66.67062298	88.90610361
22.07548885	71.1820346	202.3008618	90.45823773	8.618968809	10.50397413
51.75360728	67.78632852	172.7557575	72.33289821	15.20251098	45.80749186
1.518923589	50.62181113	119.3752673	49.62703582	11.04204476	59.67749835
31.68915718	42.29642505	117.3756316	37.42830019	92.87878102	87.04448284
35.04564632	56.44080411	140.4797945	39.04605083	22.19367948	66.04637895



# Generated with parameters N = 15, R = 5 and D = 10