20
70.29998541	9.319474158	147.3226466	96.08474743	71.96342199	13.98466147
94.3248155	3.4387523	105.3571902	28.8484442	2.894438341	69.52993597
66.18628801	5.871646472	89.93805621	22.00065382	45.22391773	47.04470479
3.000184275	9.318259422	90.76086369	47.52974914	39.8953203	88.28966376
62.96448309	3.879520352	34.81933875	20.18026815	83.99541205	25.92287468
61.71378074	18.58893824	155.9084618	70.00886996	52.39206466	37.5699335
38.29449285	2.782415641	12.25956292	9.291785475	13.62515717	13.14359648
99.59650765	17.45872532	167.4416821	75.26811441	34.95183201	26.97607429
89.95699832	11.12914056	97.70588296	48.51109097	45.03903808	60.66338982
16.99272487	17.80139749	117.5764442	2.181413555	70.112942	83.43682078
87.65251319	8.490387835	107.6972879	27.96928048	76.82952308	13.45096472
46.85229206	2.814102162	130.8461976	61.88202438	45.59549545	50.32244999
34.84548679	5.631419671	103.2538133	77.84746729	99.16135214	66.40861279
77.05508318	8.054530244	72.20969194	50.25245594	17.38714662	72.19125177
45.7635216	9.930398961	41.36558281	30.29008405	85.75986511	26.45239737
62.30136367	9.070769279	157.986139	92.57916986	47.72221002	21.62404026
88.11567263	6.391861812	81.51864322	24.84957912	82.37973595	54.31863376
97.3418962	15.81511765	93.87211374	67.32962697	53.58238294	61.92747248
20.16179439	3.506546649	103.4590676	31.10603236	84.10015843	86.25517772
63.29295185	3.216071434	102.7622728	2.203667321	45.73290913	51.37429693



# Generated with parameters N = 20, R = 1 and D = 5