20
63.53612643	102.2286653	158.5413272	24.50204356	45.8213853	72.5374932
95.20787756	329.0940039	445.0098577	61.75398666	93.55482804	40.11056609
23.8542853	291.235587	406.786797	31.48084544	87.15135161	99.42993835
66.43004887	41.59268178	153.8443309	85.01990349	77.87723648	13.67979898
52.11221829	284.2973263	388.0232971	67.7181628	76.48300802	10.29833568
20.8205191	328.8250633	470.6405841	66.79298249	56.91743366	99.21048625
80.59948296	155.2715238	306.7664048	84.78306124	9.141447669	18.76794684
76.34803038	373.6152824	440.2044244	38.56206466	73.20951745	36.46069896
12.17874596	17.93090904	74.74595742	15.20085817	89.46722079	36.84168715
82.12404434	191.5337037	202.5481333	7.945122056	41.98796891	32.50384464
39.45924462	203.9096888	269.8628248	30.56227652	70.90303679	65.24378053
18.97064937	24.63002411	106.0936587	77.91467824	25.66163428	31.01443682
6.364685502	107.841459	246.9744767	90.91863219	82.22197381	24.99727249
10.61455385	228.5400858	341.3126733	65.8105372	74.04792524	72.27223382
79.51953654	356.5625163	364.001568	4.228485544	48.83534851	64.29449044
79.15644427	175.9566958	254.101035	7.148166462	71.56766869	2.689557358
69.97376475	112.6577097	190.9970669	54.82980234	28.11281421	40.72279201
92.88565784	35.19461538	136.0126566	32.8308069	36.97982258	2.379983352
70.08488875	297.5031555	377.6080615	27.33282992	59.18364174	96.14146916
38.1785618	72.79069943	144.6762866	13.74113396	35.18200338	45.57630508



# Generated with parameters N = 20, R = 20 and D = 5