20
17.15841226	111.980434	187.3656198	74.80473721	18.54139076	19.0711538
73.18929639	37.31480449	92.75186795	38.5906656	52.67859466	37.53733251
65.97732397	124.935043	192.3845412	47.72575465	41.1137923	52.63033842
86.51109027	163.1844725	185.7776255	20.97652661	87.77612938	95.02917671
23.24570953	162.7223536	278.1024203	97.35508658	74.00482203	93.10459235
22.33129654	60.7577244	102.7415599	22.52568142	66.93462043	87.42471926
3.728557562	185.3606859	207.052814	4.005531889	48.99202609	65.16470223
83.59571106	102.7667396	117.2237915	12.542015	83.54023547	69.4241858
65.35307835	191.7054445	299.1906274	90.42516454	10.45698804	82.07579461
49.125777	94.14285925	97.87847538	3.270783896	89.31032331	25.23051263
91.96056362	148.3283636	214.1059025	63.76894167	39.69427606	38.1950859
29.27984361	192.9026204	229.1357216	35.98425958	4.031817719	46.11382608
19.44975336	188.1160274	301.5144821	95.73189079	70.9088749	53.85630987
68.13365675	90.59794169	118.1626648	26.63982769	10.15470091	49.71931999
25.44030774	189.8269972	210.9383405	11.09489038	71.72047566	87.84713044
95.48404021	125.9024755	218.0757963	82.06599827	86.10937631	19.85180704
95.41300596	151.8563332	241.3676755	80.44683341	37.33891325	1.50588619
46.34223774	197.2318594	202.5818201	3.202685431	90.82613294	65.55239737
65.01126318	135.2355571	205.2270759	50.95765152	70.71274327	73.25487523
7.09101613	187.989731	240.0766284	39.386296	5.795266844	47.63373578



# Generated with parameters N = 20, R = 10 and D = 1