20
7.587071773	12.43924947	96.8834492	70.34035724	70.32621074	62.38020963
53.92142182	17.66351859	107.3099147	80.66964612	40.94668706	75.63172863
11.02707636	16.36940746	88.35162421	59.3426753	33.5471134	68.46923104
88.08487938	0.5468158026	93.01540659	78.86749429	66.42224292	35.40346659
80.56469773	16.41502429	54.44410044	23.23495884	49.97387082	42.03921681
57.13336425	17.9076533	80.05357039	52.77527863	64.89992669	21.94561271
45.07455329	2.537203969	66.53598911	48.12801559	59.85247539	15.31028072
97.83332299	13.46133659	100.3484444	76.14551607	14.87946026	55.08801063
79.96130266	6.345150945	21.76686766	7.176530441	77.95316099	2.114006948
54.79311082	15.58555257	76.97106926	49.2977804	28.16254328	82.98806794
62.94082521	17.52966058	52.20095589	29.3054087	24.56861308	5.763489217
42.79371721	3.757845829	72.02361263	55.81546501	88.66023532	16.05814558
63.79279842	18.94647842	71.05064832	47.94617182	33.14965311	68.61978751
58.16124738	19.76136966	108.5364659	71.32110899	46.49315008	83.61525494
46.55464921	13.61551016	98.89680737	83.57545033	32.816558	91.66495491
89.44840759	4.707784572	112.7534222	92.88915581	57.75748107	27.18405301
61.14523358	12.65296756	67.04775819	43.26103475	42.77189942	3.546989287
31.23155388	10.73048313	77.87194658	61.63342382	4.07782394	78.35830899
90.64760936	3.252697312	76.39064579	71.22310692	55.10937368	95.44920186
19.47567057	19.64339131	97.46749243	61.39418988	35.73769603	85.81545989



# Generated with parameters N = 20, R = 1 and D = 1