30
98.61173249	17.79694894	102.7463477	67.6302992	32.8088216	3.214643265
12.78191931	190.8009933	224.3027561	14.38716207	48.30348175	35.32135812
78.95720107	163.0334447	252.2516166	82.45524354	5.144449922	57.62148293
78.75607254	163.181727	201.6121714	34.18342742	74.62330821	71.87657768
66.82350228	70.71449822	175.4263885	87.82047874	76.48082584	97.80666583
78.93847166	172.3738608	217.5457119	43.43459871	13.69048448	66.40534583
70.26237514	34.58599675	101.4793331	50.08528347	8.601555364	4.028471005
62.68568377	47.65023434	110.2080459	42.32239494	65.53216502	44.05341608
93.98715714	22.56876292	97.22278061	56.40890933	65.57476547	44.5511627
10.70130001	66.66042139	169.3623164	91.7102312	5.413587153	27.25646414
11.77309676	102.4880661	165.9931242	45.49029019	68.13623457	90.6544364
94.27914033	66.4923743	148.2353693	58.89694608	38.23835172	48.97428273
81.95979992	255.7013828	359.3990963	98.57594508	44.8873785	85.32480622
8.527733511	117.9287843	136.8866022	3.299809683	44.42297366	10.96654849
42.18374499	96.11063086	130.4853238	19.01904142	81.27250256	56.66188454
36.33081008	243.5505067	319.669621	75.76087293	94.64468737	44.7898312
1.262321465	288.6966315	315.1676901	2.414087862	92.25074751	67.54799435
89.55370808	9.620561795	38.16874238	27.38815801	54.20116773	50.5708743
32.16376901	253.1026463	291.9429822	38.63379753	40.90494839	28.30384548
68.10404963	9.871360691	77.40923549	63.60236204	12.56171079	18.79590321
6.64588474	68.96379419	88.04446989	1.060178884	97.1173845	97.61159022
97.27111482	133.0522977	200.7297973	39.97700967	20.94421596	25.88877624
20.49986228	65.37336736	108.9282987	40.96895908	53.73765406	89.88482271
19.19228032	71.31620066	182.0303874	98.18237214	33.50006101	12.84971431
66.20326746	189.6484133	220.0250371	18.92046641	37.22004128	70.22306274
88.39185154	126.5861028	142.5467368	13.38233172	52.73511803	78.03371495
66.28971348	250.3888567	370.7648491	95.89108045	68.06898476	57.66688269
54.49456658	69.92206922	84.00315502	13.83113797	86.50355028	9.544146452
17.06435997	85.36137786	112.3010058	21.70725255	2.711563526	39.80789957
75.72657445	228.3522229	264.8878513	18.1320847	13.63678135	20.00639298



# Generated with parameters N = 30, R = 10 and D = 1