40
38.18997401	39.69120913	129.1276638	30.11242972	58.10830284	32.21860218
21.65650392	35.42145972	206.5552843	63.5487237	16.25740141	99.85754804
88.13250273	199.8628562	524.2674203	15.9373747	57.44546566	71.58801763
5.541505216	115.0507741	293.9650464	38.38520398	91.55175763	91.32577248
45.65426529	76.46800124	300.5959245	52.91021664	78.76101307	6.236880336
89.92851329	120.7857661	289.0283744	89.10876545	42.4041767	44.71738538
90.49243286	41.53702021	235.684805	91.2742134	94.20609206	42.90715104
31.56839474	178.2338835	264.45026	85.6778517	74.36743271	69.15811508
17.86937987	170.6838126	270.5088455	30.31180008	54.31159564	98.51264979
30.12751492	176.0963233	565.3288131	10.76378349	88.40827147	46.14619389
48.57206217	14.9804453	271.6975464	58.87758098	87.84597522	94.99350844
2.77937203	177.2785205	253.1910644	13.15096452	72.8735314	39.46049779
27.3860921	135.147452	438.4490842	15.17820313	21.23266998	65.50726033
23.87231252	27.85977592	386.9778912	69.0374165	55.52845251	55.04012553
28.47841446	64.2667721	189.3595603	86.86915933	76.54297002	40.84819454
98.73618107	57.74834429	83.06443029	5.549177424	11.60305978	3.896794163
34.83963303	39.17188006	365.1125274	67.39200182	74.75946165	76.00919899
17.19475283	174.4448467	521.0430779	1.507161419	27.34794693	42.95161088
42.51129986	153.406104	365.0582102	39.58884605	68.02692988	6.290971281
24.74785282	141.2843047	441.0519873	84.43662224	18.68922431	76.66416765
43.68555777	167.7191959	643.7529842	97.83176099	74.48468518	88.21172796
32.19542873	15.95314043	476.446944	69.31872025	46.41103804	28.58604788
31.38312295	106.3009403	240.6180361	22.87675512	19.55405766	86.53767873
42.68916195	185.9349687	277.7265264	19.61586405	41.99177518	77.55267279
62.66899285	181.7034435	454.7789177	34.41883646	72.67608284	8.786585681
93.10578646	87.46902961	428.9644527	14.50135011	15.94799568	16.40595008
43.32226329	182.687023	423.6409524	56.53119637	27.75984705	6.251572485
32.74318229	178.7504166	590.5731964	28.03574298	39.88377936	94.1304499
78.16150476	167.7938823	473.8033401	65.57945548	94.80813441	50.45722711
51.93422256	131.6115731	456.3475709	56.19192011	90.74879894	5.824871321
2.485708856	28.27231651	280.8402601	85.45974153	19.70912634	3.931194623
44.65511084	126.5982545	196.14321	55.78164651	39.56403574	68.40019818
26.11578939	3.050911288	337.306546	37.10511314	84.72143168	62.95721629
83.49325547	176.1063485	430.5071192	20.02492025	52.55297713	24.22632395
1.8668634	141.7779648	339.8650728	85.87723672	66.1835447	90.63669633
29.83926386	83.3099875	208.83853	29.20492422	58.8959826	38.66160184
27.05402283	164.9308523	263.6940519	9.1956308	53.08580684	78.51092381
82.14317154	162.2392843	461.1714603	5.902211326	32.85868408	24.28768838
98.95063738	8.182773569	139.8218082	54.05092441	54.33453023	94.7274531
65.22439714	192.0945636	650.0637186	81.81727066	77.10168262	57.47714852



# Generated with parameters N = 40, R = 5 and D = 10