20
33.81605829	47.74606105	281.5007827	49.70857921	27.66571362	42.7945243
83.95371335	176.7695511	351.0262864	84.99764209	45.72395861	28.7674628
79.61710821	151.2502575	394.2788588	4.049438685	32.26061024	89.59807796
48.92100646	59.72102965	469.4533786	38.75201748	61.68209377	53.85384881
17.31833676	135.9073659	307.7477767	19.97096767	79.78335885	26.34569241
79.40327702	173.8554981	255.0724938	17.00535069	34.89344239	81.01093631
48.32857188	153.94604	536.6894625	6.581543962	41.18010569	35.4404195
7.561626289	378.0443258	730.534696	32.20849424	7.800826407	69.30036326
21.40004631	239.1923357	443.8264371	87.42881461	33.98770945	98.86507024
56.29009786	331.1194536	404.7574526	6.968172506	29.50919046	85.01359841
67.82065173	111.2629575	382.856427	76.29572516	51.76324664	63.20347743
57.11593673	292.1886367	355.1703871	42.21809731	1.137572086	63.75351743
73.50173371	280.1345952	572.9994488	62.64344763	45.91462783	61.82564694
29.8411814	245.0151931	586.442507	29.87498391	78.99774014	75.61234368
17.53595771	248.8113651	608.2631897	89.65208644	88.88168909	99.70582871
67.14651445	103.9888004	418.4022953	93.78185461	63.85028624	12.50053054
20.86701212	242.1423281	390.0229261	62.37870538	76.17061474	11.61407025
83.92371162	36.67132653	439.2731368	51.33012824	3.277847913	45.47835987
33.6876847	205.9541082	528.9774441	18.32748949	9.442815154	33.3993869
24.14799868	241.5987045	497.7304847	38.94230576	88.11642074	49.79509428



# Generated with parameters N = 20, R = 20 and D = 20