20
23.43649592	13.15260766	55.4893487	12.98990701	84.84009829	38.3565489
60.93651411	5.840878783	319.996061	40.84551935	38.0952207	6.247288692
37.72398749	10.48736837	457.407017	69.65665525	89.93856344	98.90671881
90.78817988	0.9827038239	162.0578937	59.76502654	93.34016533	90.67388448
74.65293064	2.012621693	109.4890921	25.06237336	94.1812106	38.77962004
33.77195208	12.66676803	179.6569875	87.05706154	28.78590705	21.79165545
13.18161305	3.459541155	371.7861718	83.76617186	48.17508587	34.69324105
82.21606416	2.444111325	125.8914076	19.33063767	26.44893536	35.77702445
1.360568566	16.28331339	406.997406	80.41224832	20.23463736	63.47057941
44.33001268	16.99781	190.5557881	33.7842283	59.7797697	58.80563343
27.24543334	17.70418169	85.70405952	18.39062588	86.71392265	23.34920978
61.45601682	13.38103366	427.542926	84.94529078	40.87317978	35.13180546
38.92009486	11.25259349	182.8486305	26.21522494	13.9895288	12.49316391
90.44917558	5.332669621	390.887051	27.02106657	77.47017495	16.45051933
99.03140388	17.01107454	208.8218609	22.68332749	42.32938067	48.17204162
59.5355998	6.664060848	186.9622521	57.63709689	48.81016718	85.96500396
43.55029868	16.95072038	147.7452033	63.08622188	15.10459889	19.74453435
60.95111083	7.824771775	74.38861316	31.90615107	91.85222005	84.51476174
90.56016384	17.76882011	241.5563734	55.79338769	27.38680004	87.08495786
60.32857622	12.50199689	400.4272814	12.55571602	4.192660883	86.8239999



# Generated with parameters N = 20, R = 1 and D = 20