40
77.39346785	130.622762	141.8441556	1.353925639	97.58861107	82.17585766
18.30651798	197.5220171	264.730279	65.38059807	69.68272868	56.68003236
85.5681627	20.92250564	71.7554392	18.85616907	22.25900303	86.62788964
14.73479614	85.78171046	109.1082499	12.32990222	63.47741356	85.40090389
96.12900193	158.8335573	254.2188606	66.72766955	60.34900095	11.31818672
45.78156995	58.52529726	103.1755238	26.92368243	4.635372835	32.98554295
3.337859993	197.6469211	223.852145	14.98130241	21.68682863	97.86385556
39.7724673	8.494326262	94.28160462	59.44686853	85.03158139	39.56037893
40.46656207	166.5269479	253.1399281	63.38214001	54.63850449	9.143225344
57.13581341	104.8053956	219.4387603	95.9772337	73.23149518	59.70827068
87.51039398	107.9411658	163.0384072	22.63630801	49.48432745	49.88034343
11.28459754	81.00480623	168.4784785	61.50188416	26.3756151	6.824417424
14.5682584	12.08742083	96.36692405	51.15106407	45.58174332	54.80416151
22.77019375	154.7549693	170.0337217	7.497663369	28.2097556	44.47639324
89.01972276	69.76155815	141.0020998	65.81721345	21.19751774	51.91511526
39.37444416	87.55162683	152.0063306	43.93786304	88.73948611	70.86337393
42.40578554	56.99492114	130.9459722	36.2864921	34.12474	86.87944218
56.76099793	194.5885464	269.2096389	49.60911807	53.96768504	40.80907745
66.39795971	80.16564523	144.5144289	51.75436446	96.64119297	38.22083458
28.75764027	171.400112	195.412684	22.58151034	50.04188559	23.52884126
35.74267844	43.05999808	149.1336883	92.8807795	57.88301227	18.90907138
56.32068812	161.8455582	226.4142054	30.72657736	77.23457671	32.85112207
16.99547775	26.52882324	150.6657634	89.25281625	64.63084184	52.62614754
24.04308874	16.26977644	62.88248446	18.86752038	69.87489946	74.52430995
16.63418272	93.10889505	163.1601752	31.10208505	17.13558076	94.31971627
45.72422997	188.0933692	283.8993564	81.67746677	23.11706138	67.20166455
60.82913343	140.1376559	231.7887518	71.65743745	25.84352109	9.172605257
91.86438582	13.71323395	119.2108789	78.18743355	89.87985174	56.05566965
64.04058766	102.4414279	212.9685674	72.64815674	12.10687071	18.1963968
85.76905834	33.89044166	108.8401701	50.81014939	94.72438153	34.12734085
67.28468691	183.9882659	249.712824	39.50681506	39.71920585	82.01371051
15.93506259	76.19248812	173.4661394	58.70962085	94.24548429	79.93574244
58.71988059	68.95806611	169.8768411	64.89492185	61.93300907	19.48133424
58.90495637	17.23496369	79.16215988	51.49196182	76.45658483	53.27784094
66.9381852	143.6514297	272.1464544	90.8967181	15.52223351	22.6204802
50.52352507	115.796646	192.1735503	40.35861902	69.42349153	49.38526103
33.43123392	103.4633496	179.1490804	50.03914744	43.03161401	67.98689555
54.79697976	137.9777904	256.6348813	88.35288219	99.25327834	55.88575413
22.90890132	83.33435523	191.7569044	84.0742249	81.46387744	64.70453428
26.4644572	111.8584391	123.149591	3.205276843	49.98659016	41.40482236



# Generated with parameters N = 40, R = 5 and D = 1