30
1.582628288	117.5265721	454.5434563	98.48975082	14.86753987	20.54803478
87.58924411	16.69610814	167.3175004	60.54932119	22.42876516	4.866287869
56.16699222	52.89316561	213.6248042	97.01891989	4.458472013	71.2926597
15.22417712	124.4837341	464.7222054	78.39311778	27.40525224	61.66610877
15.72208679	124.7553533	377.747775	34.1700678	35.32526564	76.16001903
46.16033416	130.984239	343.9528987	24.61392908	88.22531461	93.97381685
17.36351575	74.48704654	407.7177978	68.67748823	69.29075606	79.7991817
52.08934939	88.19322382	326.1251072	17.98669423	9.633351639	87.23254776
93.82492937	119.2238994	228.2267566	12.96869397	18.58648792	84.78307834
43.45608659	1.511998175	117.3001639	95.48377584	53.82773224	39.39207459
37.12467638	15.47584295	110.8994748	41.75984412	66.60592884	59.56227259
68.13003422	122.0443989	450.8300831	94.19955245	40.95322665	28.21280508
39.89920941	5.586747078	41.01587542	30.74098308	83.11873927	14.53255716
84.93275972	27.52916627	274.8091877	98.81107945	32.82649798	96.61961076
83.8074509	129.8949845	392.243571	70.71624054	42.21060487	5.970852017
70.34976242	1.28114574	227.4349042	72.90082934	69.39930063	82.67749231
91.64167967	120.3116517	224.0621426	82.69907962	49.9871286	64.66894237
27.40470003	125.8495683	282.6692078	12.07176342	7.196408976	55.88680536
37.63338781	141.860908	378.4851043	64.01640355	57.05788391	5.215007631
89.87489562	45.82505724	274.598866	73.47320351	35.08228639	35.29216472
64.75513877	78.02345882	131.3035608	38.16494817	69.52478922	85.60097137
57.22425879	98.90962261	431.0854767	85.46068843	6.29692845	65.12802013
19.58412617	19.3697603	156.0173287	52.84598709	24.51877705	81.79864049
95.13633024	130.0601526	367.310689	57.93908351	79.97071657	76.36388283
2.977538066	118.1983608	182.4809106	47.43549226	62.19831255	50.40255075
17.63688161	13.49668062	89.48852289	68.94783873	3.152579539	28.83138307
41.02681594	38.5423183	245.2724532	96.08529938	24.4918743	14.86836081
47.12931255	93.74145117	285.7005779	35.64593899	11.40604973	8.111233795
81.12490715	120.5889024	455.1273449	92.51054869	42.69348471	24.11610731
5.341261376	13.63410594	139.5892568	29.4642401	20.58686855	15.68272636



# Generated with parameters N = 30, R = 5 and D = 10