15
33.37267698	54.60953228	154.150376	8.463971704	39.08445522	27.84075668
95.07924014	106.3051182	329.5559369	69.73598178	76.28809098	76.11370619
65.14880287	136.3462082	331.1296437	78.21595548	29.50499679	18.6509339
12.34864105	118.2793265	334.5099096	43.0635827	36.0494278	11.44173251
46.22416275	54.55422862	365.7773437	63.60622051	68.69403056	3.971516395
77.75464704	48.67984569	357.0707895	63.0412861	86.55445969	47.15011265
7.711319813	40.69570837	185.7111386	81.42407615	57.92460646	20.59949581
46.39748105	15.62519158	178.1131585	88.94747403	27.25121065	81.14306595
33.69884374	75.15497374	281.1643306	56.7744976	29.09362317	73.83339296
46.08118184	76.89633372	278.6914789	25.72850653	86.65008269	50.62061727
72.98535424	94.18401554	270.4460894	94.23600424	50.46518054	97.42623617
17.29838674	132.0359466	393.4430364	9.473602606	12.25649729	90.42413173
48.60594698	37.25677574	85.6344603	35.84756718	95.82592737	67.73534692
65.52333941	146.0446026	344.5253205	16.9649604	20.94746106	14.20430968
37.68207829	74.88444882	242.4314836	63.34204973	94.4860668	87.75555064



# Generated with parameters N = 15, R = 10 and D = 20