40
38.05066545	160.0287083	360.9085265	66.93277495	45.34304588	23.31911901
42.29136106	32.71178245	203.6338684	21.19317005	7.404321673	46.58526748
52.01318004	22.96598473	217.4859907	52.92992502	79.09061388	69.29531554
74.10579553	40.62765985	163.2535446	1.538158639	62.01565721	12.15185758
1.413037414	132.1706463	394.8881076	62.7896295	73.12585064	82.66336693
57.79684875	180.9216994	245.7427598	18.1366395	99.81587116	99.06977092
41.79359196	195.3038319	249.9262035	53.74352136	23.15386145	92.73827359
58.59817125	109.9010558	194.699515	27.04144775	21.22348883	83.67725915
48.29957483	68.49878367	256.8881619	40.41076035	34.90919554	53.43587691
55.96079921	151.7411056	415.4173004	99.11204893	28.60006347	58.74237819
67.78814491	112.390203	298.0152299	8.693317726	77.85778841	76.11185301
88.13952236	184.1611259	372.539033	1.924358328	85.27155271	2.102056073
97.14992754	45.13399255	283.1124013	72.05520197	20.70701891	12.04534768
78.98561078	52.8644354	122.6392272	1.274215985	11.83056126	7.220172953
24.93184581	39.4816946	271.7444875	66.42360551	79.26378191	5.943936827
9.225094513	12.92833913	157.2666944	27.72005414	58.91736998	5.830150433
34.10803782	118.4981695	279.7720772	33.73279756	79.31042824	49.87847966
38.2255579	114.4114784	364.8944713	96.35379852	96.1147569	61.7483044
18.40478716	84.27526429	260.4948072	12.84144075	29.62501804	18.36163541
86.24834273	143.1168087	316.7598953	64.89932233	20.6042553	78.89744589
93.18625832	49.62406651	179.7739593	78.25360677	32.2189024	26.11325811
17.85579251	176.6477192	367.7337925	70.82830636	34.41091982	82.69317491
7.489792621	32.58768808	99.11543772	57.12973651	95.96146991	62.55864593
67.88659974	159.885912	315.5060633	3.29782734	71.66471493	60.60843311
77.17008427	38.89294147	169.6760719	60.21338772	83.55312476	59.77616663
22.03979077	30.67196163	202.2906181	52.54082402	5.32864266	91.14903853
60.06974183	80.4579939	193.6570944	99.11820348	18.11959522	52.66424542
92.13719726	175.6957451	233.1075343	54.38186032	4.744228428	40.86307357
54.85307484	75.55763487	154.2018412	78.41139841	41.76954041	38.45099711
27.51234634	15.82377099	189.1992418	49.1669855	94.91099529	59.13948544
15.26216019	59.19373558	252.3807671	73.75526967	49.77998145	53.65248797
28.56670429	136.0373185	277.8114627	5.864347801	50.20300611	29.70868481
86.39770382	63.13473305	266.3441461	40.19663745	47.20181415	51.53303611
77.2096339	196.7907592	344.3511384	7.373170372	7.144150393	53.53830813
11.92186614	65.52750909	85.28291845	14.98553524	23.03221629	49.68494813
17.84006357	180.8310346	301.2016319	20.95452924	19.06435639	87.43781072
10.78318438	5.154551851	71.38214151	29.54418774	79.24121066	83.90624704
11.84739054	197.9430612	444.2405186	85.81628925	58.29842294	24.74588251
37.7838946	176.3099443	404.4588	34.88413411	59.32581677	97.94934708
32.05995523	139.95562	275.1693912	21.14328695	57.10775988	63.03849368



# Generated with parameters N = 40, R = 5 and D = 5