15
87.64515653	58.20876308	177.3959178	94.08587773	6.136409623	68.99173167
90.91359381	56.04188583	213.1522093	39.04840423	77.09837798	71.32224674
44.38089565	35.01388394	140.8082818	26.17288941	51.22298359	70.8600687
34.02019673	34.03037141	94.19742488	49.42731671	62.9302947	72.56289244
74.28374281	50.99499363	154.4313627	56.03171704	7.385842761	17.7964261
45.13998472	4.224760762	108.2706874	99.21372103	19.82599919	76.49352059
29.78247822	26.28618176	183.917982	16.38864001	19.35953647	35.51777551
21.50329297	22.53916105	100.9861982	42.4332498	20.71426072	47.75201222
52.6318557	16.36687251	207.4604166	75.97488724	27.8974463	14.1038008
82.27511592	46.50278902	174.7885631	28.89906816	82.90269327	33.63137481
55.79633839	21.19934659	112.0651106	40.90039338	9.027031043	33.82634669
2.854529182	50.57064054	138.8111271	86.85942667	25.00823807	46.49919699
92.50920015	69.56401566	175.4847861	72.19600279	64.38571182	43.61529697
52.05128855	45.1055195	170.8838386	13.64042	96.57849903	30.51328673
57.07406081	36.6201807	121.2031334	13.57668592	84.25816938	82.24259146



# Generated with parameters N = 15, R = 5 and D = 10