20
14.45319241	270.1254305	360.6698021	71.78759774	73.49894374	52.33207252
29.41336591	395.5040962	417.0401443	21.13284617	97.53504433	5.768074395
77.16887699	242.6323671	279.3612712	22.22924944	26.23156689	4.335318953
93.96363765	98.00804229	131.0651875	24.89744166	93.41097822	73.56193188
49.31903483	152.1366057	247.501922	80.6688386	47.45034851	12.62533043
76.96084674	63.7386693	145.7506244	68.43034306	59.0573295	87.55181871
31.44004237	192.1116945	243.8878333	33.36316866	49.26955732	72.08996566
62.26421557	122.9393458	200.9710223	64.29047176	95.66835147	75.99950868
11.72829785	337.4915171	374.4251744	26.88099371	60.67546734	27.38033951
75.28633688	287.7942452	395.1243896	91.45292722	75.46491957	29.35737821
35.94522656	43.57369766	54.80568909	7.993938429	85.1116418	48.06666318
22.77619703	178.6388565	225.9312864	41.8490953	91.6897239	70.04607656
59.10972293	227.9635882	255.3842315	25.51173754	91.79912012	15.27204993
76.7026536	78.06214063	122.5256889	33.8492397	98.82990075	7.495331148
38.55858964	143.3796622	200.9877093	56.32463419	83.05604946	35.14679381
54.82431092	200.0690352	284.8304123	80.48669616	56.31999652	31.17662833
83.53574251	384.0931378	423.6997994	25.67278936	87.62007739	31.49067601
73.3695062	251.3307076	287.5567707	17.52343975	50.50937201	50.98991025
19.71147696	280.6134445	337.1165409	50.63410608	65.1022507	24.17211534
35.09738045	238.6654111	311.436051	65.06828015	75.48084542	43.66421831



# Generated with parameters N = 20, R = 20 and D = 1