15
99.83660464	10.94903614	357.3543569	89.92347373	63.55856139	74.96132186
57.41321118	4.676971801	142.5221897	36.25999281	41.43430753	97.57258859
25.22535511	3.283381764	125.4571304	21.92836222	61.52411977	29.66040406
38.1708626	11.3441873	279.9249161	80.01506264	11.74692109	27.69666045
28.23535433	12.48722932	148.4573193	72.94688722	32.44330958	38.37963382
72.19702122	0.5495885668	168.8219709	53.44639561	39.69683374	18.1298609
15.64584666	2.662052213	303.6651243	69.78226559	78.16671477	10.16857307
34.23082915	7.195100434	50.18295024	35.5461372	69.76098211	30.91410403
19.86177467	13.4542066	226.6062612	69.45054008	37.54904749	55.88215449
32.03943048	5.329447573	370.7191883	94.28175808	92.20154675	54.7651296
24.66665107	3.600489375	159.6595381	28.67747449	14.01774156	60.87042251
78.29850156	13.3128198	138.4382476	74.90245543	15.7535624	80.23006267
86.73260866	6.61382704	225.8657468	20.91922755	55.28772655	39.63930373
24.25596314	5.443999584	95.99846009	56.94614979	31.53046682	28.5805598
59.18380862	7.313506988	214.9517635	61.46075378	73.88259719	50.30697692



# Generated with parameters N = 15, R = 1 and D = 20