15
33.83147758	10.60905387	86.09937566	62.27826675	85.31368124	15.57348937
85.05403213	58.82343939	78.97030867	7.415890869	61.32938457	96.27759244
60.46772777	55.42341312	83.21931158	24.63505071	51.07190913	53.03995346
13.43365037	52.10194701	97.77563799	31.19942679	81.92048304	82.03808978
11.15006844	48.65064983	123.8783373	66.00193773	81.61408138	8.391548288
14.53365315	53.02096128	108.7373397	52.48284551	79.39269017	69.46454602
1.648597812	47.87014502	89.73776717	30.7174995	12.38305634	29.96205144
39.30809867	44.8453382	144.9167578	91.70610954	42.66769022	30.37362224
6.048939813	6.957644857	63.60768859	46.9251352	89.09990286	3.622824249
76.02774963	24.74368586	43.44042587	10.9109244	35.85480637	64.06299062
65.46689866	42.70221535	143.959042	92.97657092	30.73437893	24.36093633
38.5467485	12.48872443	73.15387702	54.73261381	69.88469502	95.25451941
25.71326587	48.50709458	68.68608658	15.57408253	42.48658109	19.66366057
50.30916397	68.00157521	88.87309757	6.821186647	82.61984509	98.6959279
7.530711402	48.69489584	64.31116863	13.82281425	79.15739231	28.99332592



# Generated with parameters N = 15, R = 5 and D = 1