15
84.33231757	81.09114383	157.9954416	7.758603069	25.33236016	95.9862476
42.20239842	131.3437481	209.5652442	42.77318166	66.05418362	37.24656854
34.71343182	13.18958062	228.9100558	66.53736808	64.95489193	79.74574863
34.72682494	125.4183155	150.4846049	14.73967959	92.85779891	36.15595297
10.81418368	55.70508582	273.641534	68.07122561	30.05988219	52.87726595
36.94764813	262.2253857	414.5927129	40.62197179	41.43296412	22.89427379
36.16549476	275.4486689	457.5330571	61.33669122	48.85296045	55.7108524
93.25404926	13.47559393	111.7681788	92.80407979	95.75421993	57.07698692
15.18125039	275.8476626	362.2996204	2.536768119	2.734573167	23.31721902
32.38182386	85.85430997	104.3622139	17.40751582	22.73074847	72.02064866
79.12545397	83.19886714	153.4759883	61.01796593	44.22095563	65.31352427
31.61623545	131.192006	160.4429382	15.81108648	12.09267975	76.88336207
12.14067061	19.197946	190.4607917	57.10998469	31.7099688	50.90518782
49.19288721	257.8480973	371.9953838	5.64537892	52.50954857	44.78622236
15.79881475	50.55487959	244.1548631	77.31964397	44.43663936	3.0351426



# Generated with parameters N = 15, R = 20 and D = 10