20
58.4318553	134.4843343	271.1301477	21.0881438	9.798131624	35.00118752
21.57658172	129.9917993	244.9179295	34.1838033	24.79748009	75.33912411
94.45230239	331.1506097	418.6186593	7.295286249	86.62447786	63.15998009
58.84286393	177.6679245	288.1890516	90.29657761	95.00120205	29.15504551
83.11719037	198.4579719	446.180943	52.45781663	93.12815956	79.5300627
11.09706074	384.7762814	582.0030423	10.96512145	99.92149154	99.22249895
13.23590185	156.8474438	306.578703	32.43442876	12.96924552	62.65270699
1.624158272	331.9490584	558.5098119	57.72894298	46.97486836	49.0421666
62.69492689	52.35032226	188.3899294	88.03978109	93.61352477	64.62229741
61.33907676	184.7482636	368.6623909	17.49341805	27.53994518	39.8944996
56.28295916	284.8603061	349.3923586	18.90272295	65.78234633	61.36064344
94.56315178	335.9424492	516.1639473	75.94162969	91.33592719	12.11850303
2.101145982	380.363364	507.7443683	83.30658186	6.945450256	20.29572344
33.69209637	266.6810723	345.1921892	47.35667728	31.9818286	31.82058596
3.229540161	226.5133676	367.4902514	95.24785189	54.52284769	17.88816393
74.95944011	139.1957791	359.265619	95.85120885	28.4101772	82.06994977
49.51315225	248.4781756	493.1308845	57.28841398	43.22696832	74.29596464
32.41272336	34.72939639	255.4899491	74.61615898	41.70063303	62.9827473
35.20904101	273.9594439	400.2354937	24.59085128	16.98365062	88.63156858
72.30590888	62.00095217	206.3613968	10.89688188	89.90908335	33.1073232



# Generated with parameters N = 20, R = 20 and D = 10