15
82.10362201	11.31790482	40.10701474	28.56303602	22.48510189	33.78606096
18.11850612	5.354650998	32.64677504	14.02412338	21.04780669	2.177226899
36.83726869	6.689219492	73.98352626	60.22434353	78.57741494	97.7223129
54.47881673	5.411671578	67.4418989	48.96553717	45.23736465	48.93668751
19.89655094	5.789468234	100.7058063	80.76417918	66.97760809	69.14959678
98.5605654	2.104505944	71.18738794	58.8519593	8.291273213	19.09768122
15.85513448	11.39995628	83.18990639	65.29055116	70.50896808	1.599981489
56.39550167	3.13467206	48.08333396	31.51109896	34.03339481	43.59471614
35.94314742	9.991805958	115.5912892	92.72613607	91.36893403	20.78148996
68.96250933	1.584191562	97.10568728	81.86383648	65.03524662	81.101315
72.10263264	14.38669924	92.88590633	74.14508733	36.85427974	44.66148495
94.7499384	10.20643261	84.32212122	66.1697532	35.12884371	18.3133886
4.758790601	3.623177147	57.73469343	44.25153373	90.17290842	96.75931806
25.35839316	14.78607861	65.22436051	48.30508002	28.56272941	91.41318075
23.26017796	8.082658018	41.63990913	30.44670852	11.16908077	9.502940303



# Generated with parameters N = 15, R = 1 and D = 1