15
62.65856207	36.94909528	130.3522282	90.97543397	56.29550195	96.64144544
77.46546919	69.67847686	147.6321991	67.08599277	80.29840501	24.07540739
17.24015668	52.03172823	126.1475296	60.49236813	99.04980967	73.29655985
44.61956461	41.90097163	139.7477401	83.62383224	12.17239019	81.55912141
97.01526283	63.10119976	101.7292631	25.60790328	38.38214691	92.65560968
77.66152926	9.11020651	25.73902649	11.61127919	67.20320711	94.53218646
30.80753409	26.12950029	86.09966269	54.12213297	5.051526487	67.69139978
95.17050281	0.0794872573	26.65611506	17.80830872	5.613840197	92.97619656
64.85075758	39.20981982	117.3994476	75.84340222	48.23879636	3.442141553
47.27040838	26.68821472	51.0646474	22.01014011	41.3026592	96.49759382
81.30905342	50.94569303	120.1506704	65.95746937	43.48068022	86.95360163
54.13043491	61.72610826	75.46476655	11.6571816	10.23800904	44.04373977
41.68993393	25.40176894	78.39223587	41.3232318	53.6396167	13.36107056
7.799210118	17.41482784	94.81978295	62.5634101	59.53804433	21.14470128
21.29694795	10.56225396	99.35672774	81.7107737	71.03484028	75.37980775



# Generated with parameters N = 15, R = 5 and D = 1