40
2.794176634	111.6710861	606.5571441	32.09885376	79.48504433	83.93023145
40.75193216	456.238058	527.0640306	60.64525743	87.07613344	40.06643671
8.398325723	692.819632	1371.75953	7.33966783	59.4193082	21.54684913
35.81058278	687.9980146	1481.752934	3.340196559	15.50436724	10.14843563
48.08046302	667.1829633	944.9759966	98.57495813	10.18120065	28.50733025
24.74168526	364.0087654	505.1304753	2.53920325	29.56807882	80.20123774
32.37173232	360.8676195	1236.503917	89.44932721	25.64275351	36.2867709
96.98817496	185.8998376	783.2900989	91.97755878	62.4100113	99.92609775
92.14102356	768.1778367	1221.510443	81.64869773	53.23654373	23.15497025
97.39033429	628.7429159	1322.65329	26.41371802	19.35563729	81.49220371
5.914260804	542.9320152	1275.199812	69.54262618	96.04335722	96.13670395
2.578969542	351.4973164	922.7704071	56.42233377	4.866913	73.40328356
49.38128749	304.8425939	841.1560411	42.33850565	92.23127922	10.86555964
3.36516025	312.9364544	874.3114059	61.50600957	3.755540533	61.28208331
3.821636055	788.9040722	1108.110617	86.56599688	88.57658517	87.96703562
27.98836201	761.2341243	1558.008926	38.29034174	72.54265142	59.53881816
37.70971361	675.8309528	1425.815339	89.61478631	5.075593587	74.68067506
24.91747896	298.3178469	941.5288487	99.65062008	43.13155923	79.94364273
27.74384705	559.3332173	1052.289161	5.179300531	43.8819991	57.27514967
58.57728278	217.7494673	332.1648471	36.50025214	95.58573545	66.0445115
74.47649497	148.4183522	457.1983169	35.03686549	79.51568514	85.52948562
70.63689279	19.34705373	320.0855454	76.72255854	65.04397227	32.86587123
39.91404558	130.0578415	326.0325689	64.59950068	65.44126788	60.83710749
46.30023	674.6813271	1021.680888	76.25489399	80.86149042	36.25419674
23.83304318	792.6449365	1131.047877	75.73790239	33.14985327	59.86459497
63.66118999	573.275189	1414.598525	56.66633259	63.84443929	97.33259389
25.70415551	653.5456029	730.1916875	29.80260419	85.92264329	41.46092856
57.27365829	498.1560465	1222.377629	32.74369498	57.46442485	66.08821868
5.10819547	708.9846513	1540.558821	67.19887172	96.73100725	33.7204132
9.743222104	421.1520639	725.9098345	93.59990566	20.10553211	84.66813195
32.18393901	108.6810305	482.5693163	81.86894471	1.689787293	53.91541265
15.8852827	253.7069274	416.976344	79.88143843	68.27410511	53.15626046
25.9313614	132.5203652	287.5762918	82.24352979	25.5300514	54.76104263
11.80272415	93.38124504	386.5106146	21.13154257	65.09509403	9.938622206
84.44886299	693.3373191	1386.665033	12.68868796	33.80137128	97.51470134
86.8891555	275.3895695	659.1923661	88.6895285	6.14340663	52.8202681
17.78091257	75.81063286	140.0419204	13.08445991	13.40514984	92.17569639
84.1163315	721.8885245	1419.011503	78.54485729	67.12736417	72.6196044
11.02192167	236.9342951	635.7709993	69.12569779	99.25602485	56.20919081
82.93616503	161.63705	722.9997692	83.48741891	48.28127202	71.10122104



# Generated with parameters N = 40, R = 20 and D = 20