20
70.11080596	112.2324909	176.2595543	47.49710101	23.38267533	47.03101568
62.8405058	172.0844539	200.919355	25.85993404	27.945676	13.4561813
7.436191833	83.18436856	128.4530012	28.02386945	92.91860805	61.33841256
38.36696922	124.908962	217.0786037	90.18521378	49.53102993	36.02460879
91.763878	21.10128442	54.52484299	26.59665278	5.390583075	23.36701839
80.46536762	189.282263	243.1833986	51.1524811	43.14941226	75.05307262
84.52793047	52.85907209	145.3442606	87.26495369	15.59983364	23.09644887
75.69793005	105.341525	176.0420846	63.67013003	3.985547278	26.18559888
13.94706669	41.82139117	129.1589452	70.77063955	86.06682758	93.74783829
86.44503257	28.97676243	87.42506496	47.22291413	73.97924084	4.014900878
13.86596652	103.8380318	169.5991553	56.37294691	73.85422729	96.62064697
78.01696863	110.0557347	169.6434718	43.7269244	23.00371155	57.29816851
44.30910087	109.3365609	152.8007185	37.42850754	44.35040743	83.36458244
38.08820293	10.08361986	52.09813545	39.78759404	62.09888512	7.942604023
46.43864275	69.9862882	169.1233938	82.87031294	17.57226419	79.28321959
82.52649023	2.898235832	106.3589274	92.09910919	95.61404103	32.16171711
66.94676013	119.8522617	200.7275397	73.25153914	10.43282303	28.342668
74.93577047	87.10084078	99.02942391	11.54741578	48.1738075	48.04012838
5.989193706	55.65182531	115.1798162	45.83622879	53.77858352	84.28447876
97.65559352	112.5037635	204.3950571	81.94774145	77.47403676	63.55958617



# Generated with parameters N = 20, R = 10 and D = 1