15
37.35926896	183.8447576	340.9632279	90.29545956	32.71549688	3.561413469
6.684903816	270.5386738	359.4336887	67.17516761	66.98955348	21.26777764
15.95677176	238.5975337	318.8462279	25.70127242	96.59704802	41.84215491
54.0041392	53.33607043	124.8872742	14.11350806	67.67450007	30.70582906
14.95261114	10.12362755	65.73763519	46.92836918	31.35677631	89.36202314
73.99244283	117.7398435	164.2258768	3.284874361	65.05973791	78.12006157
83.06961896	238.7295895	327.901274	86.5849765	55.04380775	80.13798843
88.38839239	212.2775149	244.321438	15.22522921	66.1854749	32.54402068
71.87627311	92.21521115	133.3478675	29.58364576	9.686411879	18.79449624
35.01873863	121.9235111	193.7572324	47.64472315	56.85339522	97.12660345
27.53346223	80.84671851	167.9751767	77.34251085	20.81392683	60.70148883
52.57878951	124.5861782	150.8135292	4.946926097	6.88524757	88.49019345
18.07706796	190.8866617	236.1266087	25.76407397	43.03792763	2.38946902
79.66339378	213.5264391	333.9288731	88.00414537	64.39701393	20.78915237
76.26624097	30.33997222	150.4754792	99.55888992	5.96155048	67.63711019



# Generated with parameters N = 15, R = 20 and D = 5