15
5.24127532	3.24173155	86.09213303	77.94012949	34.43071256	99.56322783
15.88519597	10.46098858	99.70829372	81.15250596	77.93117037	98.3209598
77.58252406	14.48681501	112.3394792	87.72809569	80.14527635	81.98161638
90.87903172	8.96061828	119.7293987	96.03804416	60.93984292	41.75917516
85.14600191	0.9874240498	49.12076213	41.58028914	76.38273315	66.85649408
72.25905221	0.6654555511	61.33092485	55.26363035	99.6386681	92.66088312
93.22626771	13.06659507	40.38671131	14.52720139	9.129763466	93.6842196
53.73515016	5.049309174	85.20010691	78.11600165	69.28927553	79.83021457
55.05852984	9.684383121	52.16171678	38.31513679	40.26999757	14.18476115
15.49739024	5.99824097	48.6697421	40.1027727	27.39968205	84.72715017
58.67737841	3.448793952	89.5312386	72.93581358	61.29858301	67.40584081
60.08122476	7.006137137	114.4008725	94.3570773	34.64818225	34.06758687
56.53366924	4.344489988	18.0021821	1.01765345	49.69903114	27.86141033
81.72148851	0.1600685314	29.22739192	24.44212333	43.78054835	83.16758874
31.94224927	0.3212308212	21.06274139	7.873875602	78.50818595	79.28056354



# Generated with parameters N = 15, R = 1 and D = 1