20
61.79478441	12.03460251	332.1658309	76.08777538	47.41905874	88.29852212
48.51207899	86.32612862	453.9318617	25.78606115	67.80869583	28.97782739
75.81304839	57.79846528	193.4856291	65.63659826	64.19123491	67.23152259
62.44918178	32.0993141	83.91928571	14.66956473	1.717937121	95.18953511
74.82371661	34.76134359	429.9447888	56.14704821	68.65829931	9.436129832
91.07895058	66.2151962	484.0144856	87.84348481	11.66547563	17.14275778
75.98349116	38.31508051	434.090838	5.824757849	37.72791402	4.428760473
20.43819377	36.86833035	93.68634462	28.02146778	38.72195941	90.89561407
14.59443925	92.21693547	439.6067335	32.04822238	27.26828619	52.63701922
15.03407364	77.58523812	313.4065513	60.4527318	17.85679537	60.04619495
19.16258929	52.29506274	299.1675917	39.0724959	40.57310818	65.77761256
29.0749382	48.07114454	436.0079932	56.80712487	5.848251354	37.49137327
89.78793423	36.89853657	310.5585815	81.74082978	22.8353245	84.18173007
58.23685979	54.46079714	546.1694033	94.25193721	80.05475461	21.42668047
70.39360953	2.543303648	386.1498955	30.29905612	93.93369296	69.77082275
29.10833344	85.35912074	256.0538942	51.0622201	65.80754888	38.49858832
3.140484776	68.93326697	153.7062254	20.83315413	47.72787274	31.8172826
63.6880419	21.42885221	238.5259773	51.34786144	83.83189636	94.46339525
84.1747028	64.36619547	341.6415136	75.73720181	56.50328169	59.5755631
62.22882331	47.48406104	159.7694884	44.00913085	49.11083464	46.8189927



# Generated with parameters N = 20, R = 5 and D = 20