15
72.28051104	46.66260324	141.6298746	46.56948674	19.80900699	23.81397193
18.91104843	50.47207405	154.4854062	37.97003456	98.33731534	13.36978215
81.25238534	61.2181292	159.3280868	59.00997532	34.13456157	28.87065808
33.72489152	29.2503041	82.68468141	49.92840862	39.01848753	46.90952558
92.68807646	67.82040667	142.7009087	63.48302006	71.99708683	10.16169757
60.48844395	44.01314755	135.9656057	81.43301958	27.53890831	27.42562559
85.0625986	18.69693377	102.2026782	45.80069599	78.31782683	88.03221891
73.90471036	55.2612911	131.7301723	59.92227307	84.66212589	53.78793683
65.1523541	60.5070484	96.84409776	5.688302926	15.3478656	7.595755562
44.0747496	61.87428345	155.512689	25.66758078	16.079556	11.69375514
67.19622593	50.39170389	201.3729111	87.15356816	69.20165004	57.05037889
62.20571846	23.97828571	159.9834203	68.46716461	93.32248802	99.13830206
94.57011129	39.70996351	135.4490293	66.2205431	29.36697689	77.00700974
38.46258778	19.08395476	146.3767301	79.00734994	92.81396543	54.62583801
59.75110725	70.70276255	105.9208384	14.359072	48.22873139	85.54103873



# Generated with parameters N = 15, R = 5 and D = 5