15
55.16366835	113.1693541	149.95655	34.49776986	76.88866479	77.89662417
12.66297113	271.2992529	365.6561442	85.80743149	96.49964059	73.54349774
70.65329113	158.9236345	296.4115241	91.92206078	41.47846639	87.62337621
56.71494597	219.1567291	279.0905458	28.99789881	45.94727799	63.70768633
95.84938998	199.1039039	350.9931852	89.91187635	40.27423848	31.22524238
3.69172023	34.5678718	64.79911899	14.35580024	2.53319873	24.64495582
30.32615216	71.35663922	137.7872388	60.99559911	1.118717375	93.86815516
43.72342534	97.09874178	147.4186118	40.12062837	15.75626813	95.81308166
74.38797341	90.40503768	226.8351369	79.56716404	50.0685291	49.91166194
73.98000492	74.48029377	151.1162914	59.26288442	74.76279897	83.42748914
34.98723937	59.21422255	137.3093481	32.1624357	67.32878282	81.93533391
20.3870461	242.86755	334.4944593	28.3013873	89.04435894	46.53192355
24.05888084	288.1476562	373.3387755	20.10018653	18.09420179	56.4069354
23.36173527	46.11979747	63.06840055	13.58441612	74.81196815	60.06602279
83.52552332	121.4948185	176.7670337	43.03746593	19.84076924	62.27407139



# Generated with parameters N = 15, R = 20 and D = 5