15
71.65146937	6.280114435	30.22842376	22.41001534	88.65182091	61.51795168
17.31021365	0.7088023222	135.0051328	88.24535694	60.38825802	48.46889956
75.52047239	3.907550025	89.46261566	51.9609387	66.0627755	96.54598062
59.94422147	12.79158176	141.7751844	63.3181747	67.44838435	51.13179566
94.25999795	9.58493835	80.91158198	12.3704338	99.29611885	39.64196523
9.74017354	1.967256231	122.2665617	80.52548684	77.4560359	27.64763184
93.51423464	4.023761946	87.89002616	82.65526903	13.4441784	31.50273351
15.01932538	10.09071686	152.7885089	98.019945	90.92455405	87.59015233
3.393722044	14.81275478	85.37516856	51.70755059	46.79659924	64.21834062
55.00241217	10.05639782	31.45501781	6.496922719	82.81495553	2.926172527
25.56020315	4.881934527	134.690439	84.98675629	83.94013846	32.01036151
75.5422482	10.13718993	97.26784563	76.05368947	77.52939597	89.66281832
26.3839309	3.643437654	142.6879081	80.48146072	81.88701238	64.66767325
48.1497565	14.40486991	135.4325316	79.45627	7.977668654	82.46512244
10.91854608	3.866447192	62.36360235	12.55273971	59.77816687	63.690676



# Generated with parameters N = 15, R = 1 and D = 5