15
73.15339569	8.87994091	52.96018456	13.82458048	51.83740478	55.93588463
58.61881613	14.30351346	212.5364409	56.97869076	45.51679895	61.18972954
14.49371021	11.5039046	112.977686	90.47737618	33.54961074	52.95743821
52.98910954	13.88237871	102.0583136	76.79654069	17.42107533	99.22952127
75.53871796	5.312251447	146.268746	94.79988301	45.64336342	81.73251051
20.40560861	4.915879431	196.0094493	74.9469917	3.404670314	22.12966309
88.3619926	3.016519436	74.28651763	2.293224055	46.28084237	65.03059816
39.2781132	13.28823604	181.1920367	24.1687342	90.99096672	48.82972825
65.4627764	9.993012172	105.3122718	24.57731545	96.77545063	7.327854159
91.37180665	1.218682907	23.74467263	6.774302513	50.85126554	10.27193724
73.09998219	0.3215313244	26.72812447	25.49488314	49.06560313	3.67073117
67.83698844	10.0396164	183.8791718	52.71267097	93.61329591	85.86169666
52.78624799	1.944909089	49.76101752	29.5976839	29.44735564	17.56784347
19.81391637	0.2284088537	243.5559098	95.12290408	62.00723505	33.46798865
33.42637385	1.470139731	75.039637	29.77376906	85.46628294	74.38069699



# Generated with parameters N = 15, R = 1 and D = 10