30
30.92615911	75.24125872	160.3094524	68.36978076	30.5005586	3.026259416
3.436408416	158.6975236	308.4212156	86.08473314	99.54508824	27.37655131
80.18834579	140.9561847	219.0656947	64.3546006	30.20608129	98.49935172
9.933085374	149.1903234	318.4113652	96.25553192	95.55699931	98.69343639
94.46636565	24.7851033	126.7245567	51.08762588	62.50640403	69.44495717
61.28635475	299.6355695	405.4460963	96.16189854	25.7601544	48.74227021
14.22598228	193.0097156	311.6167638	46.53915338	6.33317198	45.05593846
18.37969689	128.1346803	177.3140581	44.04680553	42.78903559	24.66983425
29.40573992	88.49258837	139.5818665	25.98489779	49.74284614	92.89190522
38.42373761	196.1860726	321.1595236	81.59829935	78.80411316	47.45761052
91.91354303	43.69824718	82.41481719	19.24971793	64.25906126	51.20613423
22.0231817	158.5060069	278.8300138	77.29301647	71.86867571	63.87755964
32.64176513	102.1597189	252.9578261	34.47328947	14.40629161	47.21179286
88.4438731	256.9147335	485.1444238	95.95589203	93.69513581	71.42472883
31.50105141	232.4055427	289.5278483	16.56855955	25.40317003	15.09799127
45.00345482	74.79521705	233.1415871	81.23248107	57.96044773	60.02542373
38.72664383	280.3059467	453.7213458	88.10357872	4.865366346	25.15429741
57.51313823	106.7323665	162.7251317	55.21014892	35.04027404	60.08235566
71.06935165	195.6086118	332.413055	27.06499961	90.67163183	78.30907643
14.43808579	6.675403979	78.05302278	63.15294029	56.86902711	60.50073166
96.03981808	38.95671347	83.90335225	33.26797905	22.96126194	8.838430771
73.7406932	278.0718947	514.4180704	91.8351182	87.85728667	61.77648311
54.09844326	160.2416564	343.9108318	95.99573614	64.25956966	27.24929072
33.3733322	133.7211654	294.5921491	58.63150254	29.59090777	81.41553242
61.09792848	221.4868572	380.9357216	28.87170775	87.657119	38.49587594
1.747343272	206.0081336	285.0571349	40.71404533	61.50729254	55.66020542
35.10903434	233.2529769	377.9543731	21.47912819	41.07699225	44.24228822
87.60588229	252.7861654	437.1604307	34.58936879	84.75615571	25.29926999
92.57021557	134.9431456	259.0245938	7.534740277	23.80849802	19.45274349
28.14645088	290.0645332	329.5616526	33.96596854	93.61660968	75.40057039



# Generated with parameters N = 30, R = 10 and D = 5