15
99.60135869	17.50124777	139.2072939	46.79368473	12.81877125	20.08275417
47.56910557	2.375238845	165.1989327	88.39637869	38.86528038	98.67302713
33.02762868	76.57495853	155.9481465	38.76771281	73.61951599	57.00715585
18.94599875	61.47259699	128.982991	51.87396835	21.49344141	7.143232305
66.26510771	83.09580381	200.5941458	67.95671847	27.84224713	47.99556078
94.05530258	60.65141374	103.6370488	20.91264182	73.71489087	5.800902709
54.68424579	145.810959	214.6600632	30.63562884	78.85601387	98.43735685
84.95206321	134.4554376	288.1136006	89.02752612	48.83754855	52.15664993
42.6926613	42.83783889	186.7490565	70.91247997	15.85510783	35.01904825
86.6193509	34.9373515	116.9253052	37.58322846	33.87681346	19.07851392
91.44237598	104.0102119	161.126978	48.77550567	79.05188328	53.40100592
66.95004694	62.31602262	176.6669976	59.65566545	35.27354769	54.67266664
76.62512223	107.1625189	212.7287112	63.12522867	3.991307115	83.29155859
32.34061589	41.42892131	133.8542656	55.84622158	10.00190566	72.05359324
80.88210373	80.30718961	159.8781498	7.320696916	66.51056126	37.32156377



# Generated with parameters N = 15, R = 10 and D = 5