30
99.41452176	218.2517892	298.2168606	10.39615456	51.06152368	44.27709302
42.60141096	549.7017391	1151.976346	21.34933648	26.91276773	5.602307593
42.49450186	588.4677042	704.0428427	76.99551376	15.49093501	63.8467295
14.52131785	62.77989252	467.1837999	79.7786525	19.25818356	79.31885347
14.22660758	418.6923458	586.5194726	17.77757666	40.71113644	91.80969048
61.51969879	90.26550927	597.1937478	14.92028475	57.59125085	28.7893362
27.65170313	327.6602699	528.9726369	64.97569993	61.48206954	5.583329397
48.40267049	84.99856813	401.2216809	77.51576108	97.43158764	95.40469264
17.05606772	233.4383734	702.7723983	91.35061454	2.654400463	51.10513106
99.45767783	518.7225332	1033.087557	68.03270162	81.79148815	93.22538671
51.82185942	245.9224937	326.4470771	46.51818564	77.38812678	45.28944315
91.33668961	47.39138759	590.8420889	1.59358523	41.31042905	38.56007641
13.55407757	318.3796994	885.9631088	71.17647723	90.21479636	48.71183746
31.70767956	430.1027943	969.460538	31.73118057	51.78568612	3.76808663
33.84262133	297.5196293	930.1348939	78.56704934	25.16498792	15.0983555
53.51589879	165.8935214	562.6405193	43.97848855	71.28404483	33.12706671
3.320982989	142.312467	426.8607719	83.33928133	71.69300127	74.10258266
47.61525861	572.7706757	762.2671671	55.95869679	16.13404458	74.44252978
98.91744145	493.8011506	793.9390117	19.92178686	27.9902132	50.46389968
46.93920605	32.88059619	293.4088932	94.93479742	29.11031433	28.1389826
18.10678443	342.9953272	678.9120276	87.46738356	53.14016763	4.806668032
14.57306092	199.6664001	375.4751878	35.12550372	32.13543293	83.88683172
58.23115221	543.3042457	972.698456	88.67328157	87.03119384	97.99500771
96.18431807	166.7893742	330.0328377	57.65127891	74.99180363	8.433916242
60.75883848	82.45336297	636.2018669	67.35273668	72.12618128	26.21079218
73.17039009	69.25227939	201.0431453	65.08827478	79.35114076	72.63842361
76.02595583	17.83163291	401.3971532	58.77916134	94.6443306	60.70720637
56.59364758	372.8065637	976.115194	27.64789864	76.86036054	72.9536775
7.093322514	298.306183	742.600371	37.30651568	99.03710118	70.12785063
54.62247062	110.27011	380.0391279	97.3591926	25.73820423	74.15592767



# Generated with parameters N = 30, R = 20 and D = 20