40
95.76890013	12.97561833	85.15027297	46.38316625	3.248349348	86.42906713
47.11171039	23.91700498	69.79315329	8.238780575	29.7710959	52.19341812
76.9916875	5.002747493	79.84079194	59.14012559	32.62797154	93.02641081
18.19964776	35.42899801	139.234525	89.86505345	29.98419799	52.64619328
87.22948781	29.94777966	133.8617477	77.31487513	16.39107537	95.81473482
98.31731868	22.55949703	78.2189978	37.22823286	98.36861697	20.23263342
54.03306754	37.0028127	130.1895214	57.68512328	90.56473542	60.31173365
43.53460622	15.70037483	137.1777901	83.36380904	86.93196023	71.99682451
89.80335516	35.48454631	55.19217861	6.325591433	97.37587928	5.833621257
35.90937802	18.16532518	60.53408241	39.00887243	86.18618339	29.27530026
23.1426112	15.39771458	63.81077314	25.34406446	70.75673833	10.95036367
21.07137585	23.11699011	63.77662362	6.552381566	79.12981578	73.13357687
54.44840666	24.35209049	161.4037938	97.82517115	29.4681867	96.92612949
52.33949496	2.742815656	43.30989753	28.35313089	50.53850457	17.70584567
12.09828781	16.07015307	32.85532276	3.568587461	61.87436187	24.56297078
1.304169807	30.89345019	88.66630884	47.1947979	34.45780107	2.679596598
14.00798633	34.90600286	64.45483762	3.116484644	37.87655358	4.147193307
76.46929694	35.12391707	118.6120255	72.55866581	7.128617539	50.03043692
59.23873069	5.268153949	109.6667265	98.94928276	67.33195076	20.63020389
29.68676441	11.11265434	66.1687834	17.98737317	41.31395237	18.13662553
62.68693704	27.69205982	149.1215308	99.01555687	41.12930833	40.1069487
99.90533752	30.9900076	72.93178824	12.42988664	50.4704575	93.95164839
4.619731857	0.1795542478	92.27023308	80.08736478	25.45662187	72.02745299
93.24112199	4.494382903	53.87350267	11.90003607	26.7453787	87.84813983
14.32438997	27.06221828	55.20490128	15.58152414	79.91518094	57.23537423
96.52901344	11.18571727	115.4676403	76.27608245	11.45304054	73.38646404
61.13046159	29.82433217	57.90773476	14.25635824	35.60815355	67.47399788
88.62687825	2.80857775	73.32385856	57.09890863	25.55535505	31.15686734
56.79277442	9.632210669	65.47214043	46.64316711	95.75876053	29.70146251
59.51008932	38.48663165	143.1043178	67.16185637	89.20847715	26.83270855
43.51200155	35.09145051	107.3579958	52.69338161	61.15930359	77.88883037
88.7927632	24.79314826	96.33935027	69.94774413	66.99759302	34.37456847
67.97394975	32.35434775	97.80407737	29.18567904	44.8010952	55.54852316
90.74807424	34.79329906	125.4774618	65.77122676	34.76452278	85.89187076
62.0217731	19.75431214	99.35206198	56.82559309	21.34655926	72.21884164
44.71170897	22.01988145	149.6957351	88.3447602	36.65898577	87.05472722
64.78117117	21.87212988	113.2178353	63.86322958	47.84377093	91.02193189
88.43234502	5.122928286	60.01568912	46.50890009	97.26958547	20.41041105
27.09202446	33.62153042	133.0992839	68.03349952	76.45155627	78.28988287
44.43446269	25.6116549	60.60903979	5.449593372	17.98978657	60.82999303



# Generated with parameters N = 40, R = 1 and D = 1