40
49.41376918	268.2666049	349.2193653	44.63711262	26.471385	6.413402161
8.728719617	94.441824	131.6236628	7.25379054	94.67187336	77.86704849
49.21804343	222.5003336	347.6597118	94.31752647	63.11052023	3.644285955
57.21827203	147.4115091	237.4475419	55.9184411	89.13622754	58.588815
60.73659466	6.620725995	78.65325902	63.27401353	49.34601787	12.11255827
27.14378475	32.49487884	106.9482227	55.10547772	52.29776257	38.00124466
88.77347572	201.520615	241.4560638	5.794727031	70.04255178	6.925965418
38.92382304	113.9266271	147.1978221	20.48627923	29.51032669	18.07128746
4.381842876	245.0493644	271.2390729	5.231680335	70.74300937	39.77865296
35.44880257	53.40113915	64.90414547	1.313383671	57.67855089	7.479108687
9.34776938	225.577404	248.4129428	13.86466197	96.82892537	10.32513422
56.22915732	82.43504371	163.7144281	53.6861261	15.21317587	15.77588835
54.24981942	367.5405554	421.8836641	38.64990978	7.588638294	18.22148038
70.70950534	323.6743906	428.4610649	86.42604626	77.9481854	37.11795866
8.295185815	372.3274491	422.0457188	41.80342182	60.82316563	81.83203516
83.67757111	177.31501	211.7217888	9.520356738	28.57002149	17.22102016
53.88552058	30.76006807	112.1038896	57.31237845	26.11476372	98.28009191
11.23265368	364.8748363	421.2504917	49.73145466	36.7645441	37.51789957
20.2940039	371.7453547	458.4407109	60.6213658	68.80182569	81.18789792
58.68737247	231.2825637	324.5437606	69.45240384	74.21611193	32.2214037
83.74802245	191.8796033	212.8571067	15.71875434	64.59106629	54.63045884
13.1742093	119.5382951	214.5413777	92.72220394	25.87160487	46.64353166
94.36986005	73.62410229	125.680543	40.65974004	72.68379886	28.42335527
12.68929347	347.7721337	377.6745747	12.41105873	43.09946417	78.29031649
64.30957637	351.0200559	397.6837797	24.94688941	44.96570225	43.67494319
3.498475471	93.64582614	116.5458985	11.60327383	77.5126523	6.201242264
99.38871922	217.4014601	248.47374	19.15714701	86.78891584	60.95368379
13.15807729	292.1794634	399.2733672	91.67866151	71.37803632	79.8592352
83.64674057	204.0576907	291.777779	63.34044126	36.16083946	39.91594964
56.05913724	213.5625932	260.8863502	42.41467097	5.151904208	39.32219603
9.030424321	39.47074186	125.5829739	73.38020294	53.67686261	12.31723663
85.91458193	29.18681918	166.3935362	98.27544353	69.30905739	62.64537609
6.448084986	191.74673	300.5723618	79.98848573	94.55239001	21.71326823
93.04167146	145.9699367	184.9907022	35.34942716	22.90835321	39.73932061
6.202832328	39.16779339	158.0601336	86.54045119	94.64858811	46.56471771
1.952742989	151.7154247	184.4411454	11.97533771	71.82193899	35.10252879
81.27191124	329.3116131	369.5151769	19.33481554	25.24740764	25.71103751
77.84132897	118.6175904	164.6950859	32.3344232	88.03909536	82.68945597
39.85570642	59.99755239	152.7117149	78.46156552	47.89830667	94.44635877
76.3826944	281.5258891	351.6542333	39.92020568	61.03881666	95.93680523



# Generated with parameters N = 40, R = 10 and D = 1