15
33.39579881	85.85957842	165.0781403	64.46633723	48.5385383	7.786295258
20.68633446	54.41113535	159.331388	90.04506259	2.610481844	48.98046148
72.28809696	24.40204358	120.9993543	93.18293008	44.68278484	19.48455619
54.01638189	116.7603051	163.0059617	41.49611064	16.2082766	75.97274164
49.87016925	58.61547319	109.5141374	44.82334445	9.200487749	91.3560435
58.08634665	122.0537581	171.7667449	36.21860352	88.17081537	34.17848908
90.76208673	64.12597633	69.15222695	2.607658316	42.24662828	39.32024659
46.72172612	107.5853449	129.4795503	20.84209959	11.30023843	13.72445837
81.91115095	144.3795647	183.3748108	26.90653993	16.84042469	20.89331567
17.72359547	116.2685256	219.3315178	93.49700273	93.62634292	10.25772403
52.89345889	23.41340334	46.85792745	11.38495165	23.23202902	86.92151863
16.53303078	126.1093493	200.40605	63.87007865	7.516670547	79.498161
40.56981657	32.91846764	66.55802217	20.12892431	68.44549915	86.34868683
92.96393343	134.8085949	151.5911227	10.29565452	53.81252843	97.43560322
81.42177915	22.29061762	96.40303306	69.91938036	3.772538228	32.4352929



# Generated with parameters N = 15, R = 10 and D = 1