20
10.92042804	25.93860204	350.6341885	11.50205273	15.71631535	70.85212336
32.80534265	64.38866001	546.4179626	91.82320504	56.54878881	25.66894386
41.18478423	3.164718996	153.3412432	77.83867757	4.069546407	3.070072409
47.93458184	44.38836462	431.6937531	74.25668003	95.90557666	1.182781334
82.70469745	50.36914234	188.8941505	84.91686593	47.38390841	13.72533934
12.90455804	13.4513879	375.0876693	78.36180984	75.68899053	65.52445324
57.52935929	23.78488042	185.2725054	24.18567195	69.98451301	71.09909378
67.30816049	92.73326152	434.9658147	17.41240401	29.04268576	63.47102267
84.79512638	1.974598843	144.4195197	61.21859032	58.97438963	57.44518159
84.11639446	48.14564366	64.5577455	14.97934576	51.64156049	77.04425555
22.90973288	10.64627714	270.1604062	99.62160949	4.119400096	51.60623122
11.97665859	72.06851399	362.4657102	18.08143833	16.54020032	48.12066513
14.04885471	76.80726786	258.2963563	43.64411312	6.813358544	43.35356609
35.18081233	80.53595159	142.3875905	55.39781582	64.69536312	67.27563949
79.91729477	74.27266054	209.9974951	8.464334698	18.06807886	25.90385597
69.44175726	70.2606868	515.5860874	61.99766121	90.56933785	30.56546743
85.09722034	76.8436072	382.9637212	2.514871099	60.93685238	35.36891993
45.85454212	9.484877493	171.2021317	58.51439406	24.05959509	12.27429685
2.816896946	41.62411289	493.2800439	75.33525391	57.69104608	66.72394119
43.10456356	61.83951618	300.9414198	41.63217646	70.85348311	14.87266279



# Generated with parameters N = 20, R = 5 and D = 20