15
55.09662983	138.2088654	172.3904427	31.72288978	56.02194124	36.26502259
75.94057856	105.0096735	250.6990446	28.66998442	3.152077178	58.78403402
43.22670174	248.5926685	464.9798642	76.63643771	32.94345305	82.64711199
96.97218628	43.11302988	178.5397018	28.70122052	17.06550861	69.72112104
43.16680429	124.1280422	231.8336844	98.40845422	61.27435868	28.50883736
52.53424836	235.4091472	365.8583605	50.45642566	65.61974428	72.11618955
31.33443134	271.8232467	380.2942516	45.71963677	32.21170208	42.22474658
3.563520575	125.5225605	233.3216162	49.89696513	40.00280071	73.67974741
5.398827031	16.56682353	188.0801797	84.57512879	32.08810331	77.6764578
98.97186195	244.5887527	286.4775623	27.40024893	78.08379444	72.65510087
52.16795939	188.4599974	243.4298531	11.08836741	58.64497032	3.397205253
72.33097122	48.08309068	197.1011847	37.53795782	3.983862238	72.12631601
60.64861546	197.2669164	334.8050726	34.80841029	83.06428787	89.91645685
55.29213045	106.0757137	279.8860899	65.24604354	93.03608296	13.4791337
31.71091069	242.8340605	306.8543529	52.52022004	57.18791424	62.83759365



# Generated with parameters N = 15, R = 20 and D = 10