40
30.82052786	263.1544963	394.8789206	4.054664563	68.42142419	17.80692377
71.09934449	215.9305283	342.767318	11.08273857	73.67545534	22.69243576
64.04168537	389.1587668	514.4040135	44.43440526	52.63836578	16.10431663
4.947137089	238.1898729	305.0444826	10.47112167	88.73875807	45.94993907
54.00647456	242.7383315	331.169014	17.73670537	99.88688391	70.85044967
99.46146431	214.0783359	347.2351482	63.28671552	38.86321883	15.81981979
7.517241325	336.7814236	464.0180487	41.23137332	4.241927537	60.45899751
24.41785993	251.1621931	343.1558977	20.4464104	26.38151885	29.33645089
61.52038762	242.0980793	455.2266714	55.42075377	81.7196616	32.42379095
67.65465686	79.73281215	191.3748618	78.97720277	17.17746798	4.925506728
76.4325562	293.1687422	377.321754	37.98062083	59.49326531	98.99598589
24.94167712	184.7516906	360.7694937	10.8271912	8.852072649	92.97986694
34.85631404	227.4688669	356.3624333	50.62164442	57.86077151	80.35072603
49.35539274	231.8674526	382.8358087	49.26884377	21.00388355	26.8889165
38.08303937	9.795210449	244.2300675	49.65437831	39.1617517	94.99649284
64.85346248	213.1798645	410.181642	31.13704633	93.31657006	42.78127306
19.29909325	169.2855445	405.4518838	44.59510008	38.00631949	38.40118747
92.35976213	141.0474611	322.033877	44.26131958	33.09722324	86.77500704
21.60917714	17.83287014	71.85340439	20.21456485	60.5692416	77.98597746
87.51132261	153.6375614	369.0763687	19.73859041	58.98666933	3.95672988
35.79714524	249.6241793	339.7225725	26.49733031	16.1271109	25.6706177
24.38885096	63.51707253	249.9431259	53.72036263	36.74084205	76.64963012
97.1433378	54.16670796	180.1756911	54.40392571	2.746568604	16.15458151
29.62662429	235.0109979	438.8620145	89.98038554	90.81143482	58.75286023
69.34386469	199.4480174	294.2959291	82.07610169	26.53666258	57.49201018
27.8275696	196.8333102	332.189527	11.03040852	48.43727524	74.82877006
12.99907149	322.5300303	546.3937887	29.9363988	31.01380015	96.20309187
51.73858801	334.9176577	490.0929255	26.45064613	79.76147094	37.78809988
93.53482623	188.9320051	405.4760116	48.74909037	87.22326899	8.418437003
80.89889884	154.6413033	253.8841324	18.42175406	93.45190287	4.34504711
96.69104945	261.5628367	437.6169026	10.64909922	61.51042301	77.3057631
19.49060778	311.7251201	552.5145967	41.45384366	58.7996262	74.14404828
62.51088609	109.1754921	295.3832794	22.8128931	82.81268812	72.06796319
11.1197997	303.702672	393.7746355	18.20438462	21.6620917	53.1687126
98.390945	355.6601104	517.9216953	37.99363789	72.68980386	93.24053888
6.141159685	237.6746823	316.7294946	58.27918924	10.68252844	4.449156704
13.90676579	136.3971344	268.59709	37.96217928	99.71605766	36.25075579
63.47334532	347.3999742	429.4446753	36.67357688	62.66532575	13.33732077
39.64664681	219.1503523	337.0250879	70.63701161	3.385392858	47.28791396
54.97043306	47.36025244	220.4491952	32.87047709	13.87100177	9.71740071



# Generated with parameters N = 40, R = 10 and D = 5