15
29.02558221	9.227897394	192.0493052	90.38262111	10.82326949	60.7288987
10.59337286	4.016969542	121.5560536	26.91462863	81.74613175	23.63776345
17.63274192	41.4037565	229.8678181	95.99189833	96.65824563	18.32028069
83.10909273	15.59857961	68.88414684	24.9998424	3.17007765	95.64173023
77.80972952	18.69050144	236.0371242	94.97323637	19.57779004	18.69569467
77.1658963	47.2656332	198.2805498	71.76148162	69.86779399	6.993021231
78.24652012	126.4248113	272.9896591	6.626700575	26.19912233	47.04696175
28.76913061	97.56238508	190.6057211	82.31513324	44.13497282	97.25627476
84.0383077	74.60929787	182.4233945	98.10075042	83.00102213	31.39736962
81.12599896	80.35444436	217.9012455	92.35032358	14.18762507	99.60862033
19.35674637	119.1158272	169.0380527	13.31720152	96.56355035	23.75771558
38.87358796	109.1801874	297.8105991	99.00112412	19.53369547	6.527427067
85.44919397	56.8253772	209.3736281	23.67324998	73.20790765	93.71473968
41.77111881	44.61264191	143.5794224	60.12837722	53.54690779	23.0836691
79.62356549	86.71168365	292.7914632	95.27127746	4.179169318	81.57300987



# Generated with parameters N = 15, R = 10 and D = 10