40
47.91400719	382.1923904	555.194733	47.81861901	39.01872815	59.90486201
98.80379518	191.0106219	492.9081381	64.70186831	87.57214168	91.07337379
68.81069076	61.30002025	665.2919415	37.23721491	62.01840102	39.2353125
50.91345444	299.7764559	418.5095821	84.31500121	27.98738406	91.83107225
71.46102605	174.8957598	538.1324794	87.57956859	36.09862042	39.28583653
55.43795243	235.5124729	927.4817101	97.24916665	25.73082929	86.83794336
54.98801374	234.0002036	385.2432503	82.3338081	97.53360008	84.56266305
34.56645243	62.58007044	373.2643607	43.28712432	95.03503045	98.2913996
74.21190835	233.1180716	946.9393539	30.87123756	5.600472966	66.60182138
39.81834702	134.5654456	742.7832884	9.693472617	56.25010251	53.00674223
59.31058896	112.7264052	829.2081934	22.15152405	11.82872892	93.1181486
99.92355698	105.3713835	478.8059314	54.19032227	92.69093773	91.64032127
83.92498576	12.66588633	132.2842799	37.52646556	23.62725669	45.20700829
66.25178244	93.81322803	757.0455998	5.489969397	29.83829925	64.36664909
79.12953859	320.8045864	446.6966541	13.34092392	59.69754558	82.83723785
58.30417983	249.1360739	760.0800183	86.85022061	3.2380113	98.93675912
6.98258654	99.88536631	569.4155721	30.38227785	86.13529747	79.2764627
87.81296532	298.9974347	709.4353193	57.89170628	66.47624366	24.01845301
64.00448832	59.0724998	293.309918	49.20983578	5.683109681	44.78280258
2.355959528	171.0715638	964.8710758	54.72135054	83.09911831	24.24888194
87.36648037	349.4894494	1041.730676	49.2174419	93.80169119	18.47935338
79.99325865	220.3173937	1080.623987	61.70530975	85.73681569	22.06239087
85.83960221	93.19236367	217.1150384	83.87301563	27.83500154	42.35887321
31.81048427	380.3326907	428.4676873	20.16336671	79.28029846	97.60354934
56.15193076	376.7306884	629.799295	64.43467154	41.08390405	61.10877048
61.03783841	214.8374702	867.8456751	3.502810881	61.92800342	93.2575106
26.87054826	268.5587698	832.8504937	38.23539067	37.75094745	2.605836405
2.799070354	366.1401447	1255.468648	99.51236514	12.18459001	82.88058876
18.45869538	306.9629298	431.0856847	3.632332112	61.77600601	97.84196536
37.89348278	314.5757803	842.8806145	41.28890485	15.5892248	12.76309352
13.92556737	134.5535849	614.3407968	2.105476877	32.17115603	16.43768141
65.15874655	337.4404134	614.2524329	47.27545081	44.10114299	29.15233095
25.93606252	303.7714123	552.1676169	74.90212342	92.9693456	31.3264247
37.9789483	395.6072366	514.7825134	37.04138765	51.81869159	64.68159687
82.09938816	168.0175479	934.2192661	53.89314027	20.21212713	61.41723228
14.82262643	71.60541984	880.917325	90.4783829	52.79539484	40.766988
89.07961234	208.5640417	324.2009605	28.95245818	32.11723961	2.088817633
26.03200125	148.1820574	721.7047017	20.09726414	98.8207878	45.36715142
51.60489184	220.4744165	776.4474883	37.76289635	27.12236227	25.30085368
14.59899634	394.7886973	993.2293203	2.474805845	2.729013987	45.17685796



# Generated with parameters N = 40, R = 10 and D = 20