20
87.99206837	138.7864571	214.6096206	8.409486463	14.7898291	30.37532842
71.13317507	17.53337637	141.3251034	86.49883455	91.77090358	31.04842395
39.72395998	25.26657168	51.0273326	2.632844574	76.68740542	95.05344823
97.42754174	194.5759987	399.1471129	10.1701547	59.01388089	49.93249752
43.58105997	27.33679522	90.35051543	45.18923253	42.65120748	9.007958829
74.9872384	27.66950285	138.5064102	12.44552541	36.51890413	21.61519607
90.15030227	74.34023832	143.0485287	45.32165212	70.06796456	54.49300777
97.19295797	178.8825084	376.5186763	42.17920898	90.07606342	84.67737144
62.26811801	9.216653971	91.02376314	22.50868039	33.30431933	49.35480857
24.63996282	153.3156366	246.3984503	90.94693035	57.61758412	12.6555983
53.0178082	163.134165	420.7641802	63.12855951	73.10230079	77.05247136
16.4752175	38.93406785	197.4370213	58.30632814	50.99754624	17.54123759
53.82708992	146.2567719	410.6155738	88.90459233	68.91902503	14.37990266
46.44279518	137.1736817	310.7284494	68.94944485	22.52658762	27.84308226
2.236235663	88.78814839	175.7504763	71.14393458	19.57486793	22.49026949
15.17726266	160.3150817	325.625087	80.03230402	36.01328731	28.33826009
94.66165969	114.7835406	174.7120297	33.50951122	67.31842062	11.50065005
14.42915192	16.89746788	267.1859183	87.13414383	67.12402662	55.46105247
52.51284362	46.90730382	153.5579544	5.08108882	67.36825843	72.61812767
1.935074754	35.41515374	139.7931061	32.92572365	5.442823752	2.143896448



# Generated with parameters N = 20, R = 10 and D = 10