20
25.69720853	81.63360454	232.0421316	68.64644325	52.11643112	28.16509252
8.686192393	55.40140224	150.6354793	74.80609137	67.55850272	52.62024265
98.6826384	5.041159735	181.445648	33.61606432	79.73261885	58.38551153
41.50677544	4.409601652	124.5727024	49.33251653	85.93836838	54.03112795
30.42871167	21.79725592	212.0819064	22.71314214	8.875397737	51.62334775
77.86533091	91.81072726	314.9724347	89.43129142	79.87085197	16.49157923
43.90686322	54.9067244	166.9432286	32.91890028	6.845916594	39.17015272
73.01017314	93.84009374	292.0628316	95.60252245	72.92856264	96.02349662
15.07855358	87.34039554	164.3131969	15.98738102	41.43070691	52.72298261
17.24019322	25.2263989	240.768139	60.32979806	70.41571863	87.65067511
64.34748293	66.15413953	195.6519987	79.16018503	90.02374983	51.05092217
17.70924444	29.13069047	139.9449333	63.00780435	91.96381973	1.333969508
32.23864011	93.25817055	163.2280453	60.30348071	61.93680799	19.09171317
83.42807969	34.07261932	215.0096347	91.5034511	59.80371998	29.5025035
1.559376566	54.75472198	89.74524891	33.07097245	97.73693177	90.00490101
23.08888032	20.16740397	136.576773	26.48889423	98.91323656	68.16558228
19.67976895	22.9235601	214.4433998	41.91992626	64.5010402	13.30017395
75.83194529	25.83556686	139.0811512	14.04188089	53.45608047	87.7959911
58.48328491	58.3661695	107.2299173	1.480329743	71.01322509	60.69366321
41.78730202	76.6631198	216.0072346	8.889042097	50.05508734	65.8040151



# Generated with parameters N = 20, R = 5 and D = 10