40
44.3849013	128.9063087	216.0778205	56.38553676	59.93624501	67.06757528
15.55960662	460.9545945	541.0189954	50.623706	16.06711129	53.63813968
69.67526153	615.5473125	707.563093	76.19679691	99.56586774	28.71622756
78.84885595	469.7195952	536.4060287	30.56826092	18.70495825	65.76056694
4.581452687	478.9989913	522.1535261	21.63912977	9.24323531	15.10952587
64.25785327	649.6159735	674.1278378	11.89892441	52.61341943	10.98177025
69.60486786	254.8817668	344.2719295	58.96591428	85.93793296	88.53335988
81.8249133	726.3417025	822.9141644	83.94492617	4.758590388	18.28445776
4.442096647	101.4231631	188.8164036	73.97651767	51.67105275	84.75002317
51.10579903	183.2613433	258.9903804	39.26464415	43.94522298	22.29872117
21.91488067	499.0456828	555.1394416	29.58038864	54.17604553	40.45498944
97.00456731	187.5075148	208.8558074	1.378976221	16.49645767	27.66107292
33.97433168	362.5168759	401.4972925	37.41178276	49.52672037	5.63665217
42.37742543	65.49516726	152.7820301	60.97141916	46.67539221	46.17927202
97.3512576	151.836254	274.3357881	84.59034006	73.61432722	87.43816636
74.22569004	240.6112926	291.242983	19.6941065	58.43813561	21.63286513
19.13419297	549.7941531	664.1525123	89.12672652	26.88744667	47.76760344
69.11998358	158.4314409	233.2832332	69.96949174	55.39652269	17.27623685
87.45586257	558.1346961	580.9421366	5.049839679	54.46236726	97.59853702
60.90754609	291.0937227	345.3411439	23.75866481	64.51506711	63.26432138
96.59501389	227.8530802	352.5141413	95.13511946	97.90705649	93.71758547
27.20584728	28.76382411	74.43210958	21.19968218	9.705057252	57.28130134
35.1186017	567.7387836	647.5977522	62.75756046	3.643000106	15.28094287
20.88316328	380.0124952	485.7424253	67.65486361	33.42515393	44.40502839
11.57075149	175.6078667	263.677165	80.93943872	37.29543063	12.4042463
79.14769517	77.23633133	128.9594217	14.41610176	89.10099889	27.83159584
16.82613244	187.1671167	244.0135705	26.29888568	18.9900368	35.39194713
92.40228444	27.63154281	116.8616132	66.09876374	91.41408233	64.70848579
48.09268014	274.6107672	343.1427015	60.14311674	76.95033562	60.85099555
12.66437471	460.9840832	576.6929612	84.8841878	32.91453985	94.59278676
92.27006447	178.9555586	263.7799868	64.10180952	18.81193606	96.28793375
47.57235251	327.8848104	397.9993548	30.59379113	12.97284189	49.40156015
77.1730925	296.4227478	397.5722138	84.57817775	80.4749473	33.78091837
2.952164776	61.46057474	145.1518176	74.34100213	78.64845805	71.17001054
32.56922588	55.84278481	87.44594269	30.50796019	76.24057245	65.29405304
99.97061291	69.94844916	132.6496769	33.89485683	65.73218743	23.98159203
17.94020407	361.9390492	460.1261386	81.04052594	73.43847761	60.41179023
68.73021507	760.1278403	782.5190456	19.48835408	58.75531743	22.5283629
14.73532462	527.330687	594.9635784	57.57282164	34.87045076	62.77301296
24.75875603	729.9020579	750.1672301	6.074311608	70.90848764	38.1113525



# Generated with parameters N = 40, R = 20 and D = 1