15
30.73678609	25.50203535	102.2435758	74.23576104	39.90116517	83.05321622
8.200652171	22.06312604	145.0886601	61.31363459	77.44220164	59.73457882
57.87042869	48.4332554	205.4489924	93.91363916	69.72280026	30.42125587
70.2231341	0.02464259245	100.541042	79.04675801	74.12736772	7.848991046
4.52005506	55.4371426	147.0599431	33.22169433	12.32467103	11.77539163
61.64547814	69.81334209	184.7203371	98.28468851	13.83929933	96.61756973
86.48815245	42.23544084	118.3469292	56.7063188	76.32360952	62.90590193
63.0321863	63.92031588	169.8938868	43.19072544	47.9792939	58.16552307
79.69896366	39.81657693	120.2435919	66.36337363	82.51523893	11.64202765
85.19753948	29.92938152	101.1484513	64.55058621	75.9553025	41.37130639
74.28810357	61.56813726	83.47967911	10.6499614	98.36974253	27.97159946
72.29184707	54.46077857	108.0453351	20.31622516	71.9420101	86.72191734
42.17998093	36.24910712	160.5580764	69.79323821	29.67573699	94.81786186
21.31398339	29.30285918	188.7448002	85.07762177	25.95458105	13.88921931
5.758533374	16.43616235	75.87098836	29.57471294	11.23374696	97.14658566



# Generated with parameters N = 15, R = 5 and D = 5