15
64.18013015	5.229036032	101.5398904	51.78016514	15.19925243	84.23678335
7.556291081	13.71146464	154.2997466	97.06565947	18.56837752	14.05384212
47.35741118	13.15906876	104.9420735	23.18289769	78.61158202	43.14184981
35.49006907	2.492605662	162.0395779	90.124586	94.73805093	77.82976352
23.43650093	7.277239247	28.38634877	10.72231955	20.87924187	71.64378877
23.31582761	2.535783736	82.9637975	37.93384219	70.1537302	53.94548201
3.624103267	11.93544842	130.6947796	99.72752998	6.719631883	12.65505302
18.97881997	0.5025415095	98.61239348	75.38599534	43.40667549	65.03598889
2.839760301	7.666156798	53.38494107	20.79292073	49.88623454	54.24863471
7.871359187	4.407395511	128.2432629	66.17456418	86.9814294	51.03725051
73.0354908	4.605729493	107.9263483	30.12316185	12.04141737	89.46160922
30.50988782	12.3025241	102.9847571	41.82647487	51.6533975	46.34408713
67.5040268	13.54531215	81.92764197	41.3196962	74.94248586	49.66449685
91.73066892	1.337764889	128.3333646	74.94654205	16.68372765	79.65467105
21.77924018	5.035982302	76.13504562	45.00077327	78.58023317	58.97401863



# Generated with parameters N = 15, R = 1 and D = 5