40
81.40828042	598.7865923	776.3817791	77.86382081	6.994852593	38.03236236
11.32264344	115.4043179	325.7888344	70.10313587	82.39228389	43.83565367
65.29215847	566.2592148	853.0457251	98.79600524	25.0447809	13.40187152
79.2964292	227.6973123	500.3066922	96.74437836	7.070202727	9.95917494
48.52424466	312.4446739	455.1982068	49.74132053	48.51460417	20.30992075
68.98694967	464.8801248	562.0543787	87.2292039	27.55623889	35.04268663
52.65586595	122.7552297	165.5337737	2.027720545	44.79990863	54.22248779
66.14591895	179.211381	272.757295	31.54668172	63.80548022	78.73100534
88.76147366	706.8915008	864.2469655	3.275178665	4.843583663	71.37768096
58.16962852	772.0425758	868.642948	19.64465574	32.74472122	67.11458593
5.701706643	528.4036184	630.6283964	51.91946007	61.03821545	3.545877505
10.78255515	19.13134223	233.5679121	64.79646861	34.15328701	9.381866865
42.64409714	552.3647752	600.2083356	11.89329658	2.146934316	62.41647945
73.67731439	407.8028629	537.1126813	94.75506095	23.6938136	95.04282502
36.62272295	764.9232085	976.6204659	95.75249237	82.80301217	9.679565706
11.89637498	540.7935079	595.6247149	36.20257536	40.64023719	71.15381822
59.0280262	388.0943708	536.780769	56.70670649	95.70616198	36.48909692
97.36805944	770.6308087	888.4983513	88.54041666	85.08463422	35.10236797
22.15907249	120.4251657	355.7157428	84.94454656	2.783977913	27.14609927
27.65794951	738.7575549	881.9048726	86.73431283	62.66027946	60.56678055
39.1378706	552.3163303	685.7823473	10.90856914	10.46935655	1.474096819
58.79648297	90.43602936	235.8915822	7.936326982	88.73828722	13.23313287
10.49492082	435.6010429	489.5249252	43.39536353	49.80956957	64.70804105
80.27541969	465.7826529	733.0779032	90.62468481	90.80075162	86.64891971
31.62705474	104.4945925	288.0512277	98.53799046	69.41232797	79.42170615
58.94667653	454.6108796	716.0494304	78.2214249	8.815795294	35.81269324
74.26678313	502.4169603	598.7822314	48.92987131	59.57353218	30.95955125
81.65245329	577.3966454	689.9693664	43.29869587	65.19482502	60.0329111
97.0118738	65.63955079	150.8967716	31.93129491	69.29062936	9.503326868
51.03952006	67.42743106	156.8498322	72.76389619	21.84495317	7.90658054
64.69723922	49.09362936	263.2732795	67.98624851	35.61276231	55.31773394
62.98317604	32.4206707	308.6822238	79.0549543	84.31718987	89.86141303
26.86516213	679.8625865	872.662745	33.50083932	58.71937341	27.31414784
82.40232009	54.18397814	329.3013641	79.38048874	52.80932994	22.43464626
47.74560048	431.3887011	546.6272232	32.59763527	78.36600613	25.30439185
88.65680442	752.3915857	904.0998777	36.53649813	87.95941374	72.74427898
96.91147857	583.6735884	684.9149173	50.56965066	92.6947536	77.13134059
29.45219321	188.6270136	351.2169151	39.85469987	65.24318984	80.13830165
18.36802738	270.32291	484.4776394	66.64170498	71.62527844	17.19325684
93.18100207	225.3406713	412.5658388	95.21640606	20.56428178	10.35717659



# Generated with parameters N = 40, R = 20 and D = 5