40
77.48140496	169.2757408	245.8809774	37.11581912	7.666182973	40.06367702
71.77769258	28.7771668	123.435651	89.49359029	41.31786842	40.19779317
35.53498952	46.58631609	71.56248171	21.61875693	23.29925017	85.84041774
39.52481976	180.5458492	232.426632	13.26218774	23.58114816	25.43048868
97.32912704	121.1087609	191.2950571	67.16636699	56.29035499	7.014763877
88.52902855	17.70508475	118.0475613	67.05721895	48.66676354	69.27346721
51.38106751	191.5461654	222.4978898	30.9116698	18.05884599	60.6720122
21.16515131	26.4148619	77.21049871	43.26546473	92.87179089	56.967563
86.92181708	59.64306021	70.81604128	3.129183948	43.41756924	55.86094125
87.77174669	83.86513427	157.284205	55.63290123	2.6840594	68.79049846
35.9350999	143.3182238	234.8830767	79.01091457	22.42427155	24.91590931
20.28170643	39.8665539	157.0209282	89.64206033	62.44942638	58.73056924
44.25586755	4.635351425	84.14105225	52.91002577	97.18845578	32.68372655
93.81694128	83.55665763	137.0479544	29.5574332	13.21006312	92.93821579
98.75092659	158.9537726	275.433352	97.77776083	15.08292968	28.4524765
45.24969175	187.6551581	261.1126049	40.0986219	58.06828983	24.13394538
3.009387217	103.9199647	211.6509986	72.6231732	77.19901501	34.64196364
4.51402318	9.226463547	37.7223803	18.81497975	68.39688488	77.06174296
63.04279994	161.4626231	289.0840182	92.17512913	94.51256336	80.86724763
7.711928694	191.2147192	325.3662198	98.68092054	70.58267993	28.02722742
95.73127076	36.72625942	59.09208592	6.939906746	29.07749087	95.83132712
93.57495121	144.3065113	232.8842461	59.15239199	61.36852533	45.02313762
10.65129312	8.529650095	107.6280305	79.43862787	47.27256061	69.52533661
13.79451413	76.48171983	165.6996475	86.25054016	97.5234874	12.23973905
42.74430833	54.36161696	102.9935794	21.58743461	18.43655233	80.59985047
23.86810304	57.47858	77.77366552	16.24439712	54.56058893	18.0443378
27.25880986	49.66479294	90.62353116	16.79677682	42.20836696	96.74394317
1.50776774	135.5251511	252.4418849	80.586422	23.86075657	3.803871407
73.78533711	12.59847608	31.97904203	5.874944164	35.85044156	63.94665881
25.42683917	104.4423281	197.0878338	53.01105164	89.13285584	53.08385067
84.44492895	86.09005508	133.7171195	34.04584202	26.31855603	92.94789717
11.68293688	142.9493632	159.684772	5.153374863	68.4247726	11.94633706
15.37825658	54.26435337	183.6681488	95.12522183	11.36378893	77.93742355
45.55774021	140.1642507	192.2702392	12.12564155	92.74436619	84.29405109
86.28398182	196.1867068	270.5059903	74.25114751	17.51350919	45.33973075
23.38024613	45.83384121	75.44890153	14.01092929	30.27466419	87.87327342
93.44667361	74.49482417	198.6674526	87.78793549	79.14811613	54.93634907
81.13516063	97.94915375	168.8403228	61.36012849	81.38169253	58.337092
79.71596943	25.66650191	110.6657316	65.54930449	50.35398884	65.56708268
87.25168498	168.6850559	248.7542496	60.23403401	67.77199457	18.53920526



# Generated with parameters N = 40, R = 5 and D = 1