20
86.07444082	71.78029722	142.5759654	40.59780462	46.73726318	3.435179909
5.587663492	47.83069065	87.5167781	36.44674754	59.64247116	75.65874422
53.49133255	30.45850764	61.44567508	6.185253861	44.03107249	36.62440309
41.41784456	80.52085119	148.7018576	8.247746938	88.01367898	77.97083567
71.54991038	83.64851366	111.846733	5.418522447	56.41011777	25.51037858
4.251693271	17.62722885	99.35932011	30.56801605	67.93466595	46.09904301
47.92539886	21.25106134	108.1445008	52.19132602	83.91569264	88.18448895
83.31980964	77.18436122	133.2814866	14.3649503	28.00572844	53.373148
91.10030267	1.75082368	178.8237558	98.4872457	13.92775414	10.87941421
46.02294579	17.77033324	178.4078467	89.62649627	41.09504686	42.20009525
64.34952331	70.81775326	201.3204418	57.84941735	98.84306953	38.72906417
43.46638201	17.19239097	33.82090857	12.89856083	56.18192115	19.55946098
49.69047068	22.20492592	182.6302455	65.06009734	52.93725397	76.98763273
94.43042885	51.22979735	140.451636	7.0457766	45.20054942	24.07749933
27.60563853	18.01106044	58.15294515	36.10394341	49.67337926	25.75543027
62.43824476	2.472808748	128.0991398	87.68177124	70.35436687	57.13132277
22.37546787	46.5418759	190.4758859	44.47270744	53.87462121	1.699979079
75.01390703	92.23020905	172.7472556	69.00323853	91.1005043	58.24617455
20.60355883	59.60808097	120.0416959	49.84280309	48.03080074	70.89641498
7.369414636	62.62578643	192.7564777	32.25928196	17.42104083	5.334323518



# Generated with parameters N = 20, R = 5 and D = 5