40
87.17152832	23.5468149	93.02131465	65.96795331	75.56021643	72.6286868
15.81584588	51.48873179	142.6111291	51.60104187	8.924763985	70.87668844
94.30543109	84.91569406	182.1818968	68.48802838	11.7229832	63.85504749
47.02719026	96.69574587	168.4780322	66.38392137	78.92364638	21.98201987
65.71308193	168.9711898	250.7969063	45.08047966	20.342224	51.85669912
86.89181426	135.2090497	221.4454557	77.32332966	73.72175933	68.67786659
59.11984114	56.32737225	104.6318412	20.63783432	80.9631544	21.33206174
1.77740134	86.36739282	188.5735078	91.41408904	14.21581712	46.22211236
45.98555651	143.8249424	169.3135769	15.7202619	96.51231936	58.15474362
49.09947816	171.1475594	241.8790073	43.20591852	17.32480959	17.47416906
49.44907102	129.4199072	205.6783816	59.08313297	52.88466564	96.35512506
49.68775656	195.5730686	234.6179232	32.36541641	37.7391418	62.05143022
54.71100904	161.2905772	233.3238778	64.47143904	97.11154731	5.81885477
83.68464994	164.7501858	221.9118833	21.73636897	20.08426692	9.803236156
89.31945253	11.99693461	77.8034603	31.89562897	88.4184029	90.36573983
63.03934011	97.78917049	203.485343	80.30803675	58.65013028	79.94587115
88.92810959	44.81496254	121.7338416	69.73243427	96.07578367	63.04061743
55.48248386	53.41993728	84.48564892	18.37182359	50.92032313	74.92325573
7.439570487	47.69261606	113.4122248	38.56433358	86.94109911	97.35494124
26.29105659	199.0841043	253.1197833	21.53345066	12.21111947	22.189455
15.31966248	177.323718	259.7190188	43.73745975	85.71850736	36.1934134
17.04805976	137.9786518	150.2130675	9.507822658	22.10450336	32.488652
31.03345598	171.4130362	228.2535936	54.5551329	7.979566851	60.25525997
73.93810589	70.85663562	183.6255563	99.69764878	53.44824552	5.248612841
46.60362771	104.9724942	152.7005295	41.84470648	16.43319065	56.49413347
6.684388613	62.84430652	89.46042989	14.92007153	60.78788527	81.08856184
73.47500805	158.1608933	215.6676656	27.84528396	63.68074228	93.59877695
4.006933848	176.2325618	227.415691	32.56756252	73.11830942	82.08913724
40.61878567	81.78387176	118.3966876	3.23768803	19.30020608	26.15468678
89.00484813	141.0553899	241.8698141	78.92072105	38.73138622	1.361176328
36.53615173	163.6299134	199.5549759	33.03784689	65.68672799	53.62952734
31.67715601	187.86602	247.6683633	51.17512788	76.65124912	32.02325035
1.905836348	130.2291124	251.5866548	89.99968011	58.07937469	39.99126539
61.74885574	165.3243889	205.44596	20.91637475	5.537127917	31.73411828
34.48702401	100.8650174	196.9299883	68.3240251	86.13771562	81.22206481
4.838787134	42.39251018	85.2333886	11.75980902	6.43892192	33.90028177
56.79804957	164.5110824	279.750423	88.51353825	82.78414789	62.31027472
63.04434375	35.36143769	130.7253528	56.37238557	62.13561471	54.61503531
99.19944744	53.65730809	127.0522275	46.47906968	23.36563068	48.40076744
32.00121284	22.18666835	66.89405587	29.29052136	89.28072057	68.67903368



# Generated with parameters N = 40, R = 5 and D = 1