30
5.255232395	7.238616099	58.86213285	23.54103338	71.57743437	13.23361593
72.18466237	28.35541531	142.0655027	96.46802478	12.90617396	22.30461522
10.07829606	13.72971826	52.37618032	13.67644853	66.6248643	19.20841148
47.35212142	25.98859352	74.47548541	41.94514097	72.98763798	78.36872407
71.94427517	3.60180568	17.69296349	2.054403305	80.18956231	42.3532817
26.36378902	24.76063779	121.0586288	89.36594588	58.24356909	50.65964226
71.55158412	19.62651356	113.3468727	85.90877208	78.05982744	52.7484041
8.031891611	4.418107235	60.68143261	31.45250292	18.09264717	71.95527222
81.66738309	13.21247443	131.8608914	98.04213656	30.28743617	74.12181597
90.52218834	24.99965315	40.50142575	7.972409296	70.96452321	72.39559775
6.644510613	15.19098666	67.62626347	52.06483719	5.348271066	52.63650108
65.21911167	17.01935468	68.15307093	29.98961602	9.600192069	21.89177044
53.85355765	13.03846841	77.1116699	42.52019839	24.13032917	40.76336737
33.57542972	20.19688811	96.27775346	59.68571885	68.5417012	66.48145301
23.70236669	20.44498287	105.5612142	77.47580517	71.67542484	26.44946862
64.5611613	22.96357037	134.1282155	95.61832431	56.25441179	30.63104837
9.36382616	16.46242398	40.34895586	21.02498998	74.87341064	51.57692677
87.1685848	29.43188198	107.4503384	49.82262513	93.20706294	65.53054089
27.35447194	12.90374314	92.19875947	77.48041646	87.30706711	14.33921076
7.115190729	11.5951433	59.6178422	30.38475433	55.47220323	38.81697413
13.32517666	17.47988861	108.1668604	82.13806368	32.5553612	41.14062193
31.49477928	9.706676344	104.2938162	64.69386267	6.503645958	72.22113148
62.81141039	1.428059955	53.54943655	39.75731943	89.67193952	30.46486774
36.05710745	13.70718643	94.98238622	77.4276696	1.331244474	42.62777573
10.64768189	8.490552069	112.7382081	91.81400764	58.11098561	65.17719215
59.05608718	26.11757879	130.0406127	79.4424622	73.50138862	21.3698084
19.01726959	16.02277193	104.5537103	69.97595843	75.77408976	67.2737645
88.5707774	22.56738676	76.3430042	29.82627187	26.44655273	19.29512801
20.8059691	0.7469851255	38.02225385	7.479700572	72.59822102	42.06608647
16.62088945	1.66867095	60.82458401	46.62882637	76.21252743	28.71752528



# Generated with parameters N = 30, R = 1 and D = 1