20
30.68587509	54.66628059	156.6746994	82.94684469	56.95507368	5.763279189
6.8879813	41.31099847	56.66402345	5.943929178	72.05027804	4.190863317
6.379306509	25.25055973	60.16996125	29.64517164	16.94794333	15.76429699
40.33626273	14.09552782	65.78966891	40.9385337	28.22546362	66.99562594
22.50382137	69.23997393	122.1283128	47.50475305	39.2214969	13.09108154
30.69740412	72.38420649	102.4594168	24.17200999	51.87069239	21.88279249
84.66278209	79.44267322	115.1069066	18.36875397	26.83040955	78.86593554
99.56809364	65.46329639	111.1292453	41.06736687	93.49284901	59.13790897
46.04669212	12.18385646	86.69759357	66.66113349	62.35927412	97.09916419
27.27492805	26.38676642	137.1573148	99.60296153	21.84088177	68.91065027
78.54956038	20.26014321	85.47174756	52.01552866	16.55641635	43.73821171
7.38673968	81.20050236	92.48186435	8.592547139	44.9407791	69.80352931
40.03790355	27.15077417	116.4597548	82.20989127	83.27302851	17.72801636
19.62825912	3.461576976	81.84122479	71.23124469	65.35730924	98.56587241
3.416958052	13.67109285	90.99468731	70.98646277	21.40584538	23.28138383
74.89848321	89.60614299	179.2341057	70.5505845	56.3541228	24.25936599
97.49850383	6.615404731	111.9139798	99.9125078	35.14469504	19.24527828
29.61055775	59.51298202	115.7107835	50.744316	74.49209004	6.375722589
37.80656167	30.90690675	61.51751136	14.4317447	15.58756509	77.91448869
43.14847415	31.41043907	82.77778054	34.97855118	79.76440899	63.36795221



# Generated with parameters N = 20, R = 5 and D = 1