20
4.745273703	10.57744433	92.2073989	54.70834989	2.798542468	60.27811192
84.5860822	13.76665317	65.07646322	46.88785854	60.52889802	81.69562316
25.19837983	6.138758764	136.3136477	73.04505413	35.13708381	20.23114753
9.52914463	17.17838693	151.7996373	57.3760443	14.31292122	67.43081789
12.40557948	6.684863858	83.40328399	33.26167099	84.33497453	38.03004335
20.54758359	11.99915524	118.6594311	30.31472469	48.95026128	3.204111135
80.87949986	15.89247717	113.8862217	7.005715971	67.37569898	25.35553137
47.09086776	3.168995732	141.4734609	55.23363076	69.54629471	97.23421154
44.03322377	17.44606485	132.7434751	19.23023509	65.83719764	3.974864972
1.636555505	9.178659019	110.1639456	70.20250089	47.98565553	24.73844322
68.54968924	2.307071759	86.5081498	2.410862974	86.08199686	83.72579557
83.64218793	3.693287008	41.12400813	6.349485171	12.94451698	40.28087341
38.83472495	11.32475547	93.94816727	67.414401	79.08612313	32.77751778
26.93572331	19.08801015	130.7341295	59.27549703	16.84659011	26.90435799
37.02006988	8.027261752	107.0925762	96.02167825	88.62022843	83.66796474
79.93626613	6.874247512	150.8485656	80.0743597	18.20501152	92.48036836
34.24135873	8.29662964	63.14851065	48.4356963	43.68062908	97.61866181
94.33872019	9.457959627	155.3933474	80.46280544	65.33098853	54.94638189
77.88887381	6.164166442	26.64161163	5.788344493	6.328372486	55.19600415
87.95501537	10.1791022	98.63018686	58.5001439	79.89830117	68.47498278



# Generated with parameters N = 20, R = 1 and D = 5