40
18.82817316	386.4247504	457.3582712	36.90029764	98.28987619	76.42253909
11.15004266	148.6948891	195.8086303	26.00298196	28.89893933	93.14794147
18.43815548	281.4676957	340.3813765	21.30154207	10.6407947	16.2369765
62.48265171	50.43475993	86.74826258	8.516876816	81.10908805	78.28148279
37.26328823	224.1649657	273.041956	18.34994178	55.43067517	2.183128986
98.20273928	228.3849556	330.3864823	75.66190017	59.05089036	8.440665821
92.27047061	77.04522383	162.9425209	58.74357164	43.37290301	36.35142498
58.2723773	57.62981703	126.0512291	58.66506108	80.1935469	60.56911128
77.61406975	143.0704304	225.494314	63.91406372	84.89749221	43.87127922
69.78055206	39.03446775	117.1444	67.06015712	9.238480146	40.13205498
70.2991911	130.9148485	188.7013555	26.28925804	59.26217136	81.94219984
3.79597502	343.7794823	409.2711437	32.6384424	7.525564906	49.15198488
63.39791653	319.7688872	434.3127751	75.17734262	23.77328166	7.577936849
9.331922251	54.75310444	118.9861533	39.65480104	35.12532623	17.09885711
19.73495461	350.6403292	444.3040409	88.52239047	97.47484201	99.75506622
30.34141456	153.1803927	217.9629024	60.45742247	92.02599062	68.27971285
90.41490507	374.704531	476.1685083	99.47168934	14.30434764	97.77599409
38.97694176	352.9762201	380.2604019	10.89268424	5.845622968	54.61056561
28.61148638	183.2015365	248.5803776	37.6080398	34.66589029	51.25048334
49.16489244	355.4448865	399.5315605	10.17403225	41.101814	6.691645184
76.54197407	145.2941102	191.6611071	33.68422226	26.18175446	45.89438433
35.60085746	139.2137501	216.5934762	38.87818871	84.26069812	74.44229807
31.3772358	120.2683255	160.2892364	6.457327031	44.73913026	35.58659586
37.25590133	267.3581209	390.106007	85.48167491	15.35332054	55.16053854
45.59470479	117.699642	171.73712	19.19857835	22.65234264	7.579061717
47.65728443	117.2068982	196.3543423	55.90198823	35.93304407	71.83608169
11.88409767	375.274287	440.1741172	46.12293023	34.78324519	61.55792997
19.5090964	217.926224	224.4190178	3.247283775	5.911452417	54.47072482
61.2167555	138.0880139	192.4859188	28.17629375	34.42802526	25.64881876
24.48574384	371.7984644	387.3704764	6.591466076	92.88363147	79.69534749
34.87334363	62.18230571	147.5723494	75.66192378	17.69820872	24.84543918
19.73737883	336.642187	379.7967816	38.50337523	59.72260724	74.59357514
85.74882964	109.9102594	220.5345567	87.16443953	82.45462505	19.11722894
64.19074335	315.8467841	369.338355	21.88673081	61.4323214	92.52676609
56.1286735	319.4961256	393.0187899	73.34866245	52.10289746	28.20243938
90.34551639	150.1693995	244.5212553	61.47446338	67.69592582	51.54286687
8.64508683	161.4331647	200.1688093	6.472148312	4.256144179	98.94080733
13.4499547	382.6564881	455.6800439	64.18465033	78.05993517	98.72641782
46.09316396	351.0713241	443.6094811	64.55558141	92.23038754	34.31080786
55.83023626	34.22518936	63.31556873	6.856177546	79.81516396	17.66499062



# Generated with parameters N = 40, R = 10 and D = 1