30
4.589651425	217.5111316	543.0259671	77.50948951	28.63700658	72.79872321
52.6255419	45.61571271	239.8680983	20.88541349	58.85718024	37.71097427
59.75565968	140.9730443	543.4135277	27.54634014	85.13922796	10.12036158
36.19280113	60.98283899	411.983382	98.91304955	61.43331141	97.85486004
90.05165238	78.85067379	513.7660203	67.46855289	1.4720705	16.48435822
51.09818326	244.4238898	691.8238231	6.051222711	65.77550727	73.74646906
18.60703503	138.8708374	693.2048001	1.90863663	40.68405728	91.59371067
88.06763574	138.3800471	408.7719769	28.44233184	37.56205194	71.91517732
54.94435384	17.46038881	600.6893659	93.57245949	13.63670489	1.489786454
93.91307897	175.5778413	659.9252231	69.99562218	97.97430372	60.28720011
31.84635518	67.488272	465.8108221	41.20893043	97.64793416	89.76802381
61.46586519	0.1507999329	470.1973752	52.1693299	67.55113376	67.79958173
24.85178417	48.26488072	268.7339887	48.51483483	38.13992317	92.06633219
52.00299974	293.2057878	819.9671528	28.0479508	69.09282559	3.633457578
16.23794858	161.976334	772.1002003	98.63827893	61.31059116	92.43134389
66.82429746	111.3967135	546.1080344	28.54458758	28.8371384	58.77563203
84.4805344	296.3249498	949.6584124	79.80331524	28.50713759	97.59613118
37.5384361	169.526828	430.398681	44.61276754	53.06152106	24.25890321
73.03318592	287.6474455	489.0475475	15.93750947	77.31757542	50.75602266
36.36970361	205.1423221	554.2964229	15.58491356	33.68082033	39.99347744
5.763007969	162.3978101	682.1775294	87.15066149	9.39836723	37.80175905
89.23909242	174.0671753	611.5099173	21.02161752	16.9092896	40.36298742
41.2489384	75.2145075	656.1018625	61.50611882	3.809553272	81.547691
8.130517686	56.71948381	217.2242641	16.50802276	73.65951758	76.79560238
96.89704393	78.28279349	165.9667388	51.78778322	11.79245136	75.79804111
21.70457007	203.9720043	379.2250862	72.72305898	18.85944568	55.99644295
1.876883217	54.02654655	121.5088928	53.02589279	5.850528012	32.0250038
98.28117112	170.039032	643.8836866	77.27275428	16.48322357	80.39640766
32.67961351	250.798079	382.0048031	26.6586712	68.73843699	66.21392494
26.92067133	268.4941515	535.4460734	23.88382742	38.30246129	35.24793016



# Generated with parameters N = 30, R = 10 and D = 20