40
43.56609883	33.21490694	236.9479233	79.00703788	73.95784732	43.63459059
43.66214983	24.89253577	185.7973929	93.61330211	43.61148461	82.81697919
89.55488318	10.12960488	200.5793294	89.25614699	14.86914039	88.50271534
31.52770708	17.14671197	264.1875664	91.53978484	11.35656089	41.84803336
62.97617833	3.29361224	160.4166366	71.2498774	11.51760604	24.11442542
48.00989849	26.41965606	92.32936974	20.11950213	97.51622953	63.13226364
89.71029862	2.36992819	195.5897639	42.71730908	80.83294886	92.49063985
57.84573299	19.22087089	217.2682772	93.90285624	81.91088178	14.917005
10.09931478	4.423601169	153.0970769	29.92400247	62.48783159	57.71066417
22.48929205	5.916412771	91.43697588	21.71412225	39.53814555	22.33461501
49.85224962	25.71671284	83.62937798	33.95317717	58.17846214	21.00477236
84.68828231	19.85236184	153.3236349	77.48219743	60.37122878	36.99212041
31.90627882	7.04737476	178.2855656	24.72925198	30.45484018	13.10419154
11.15850504	26.41395859	50.31941901	15.10206997	67.31293519	4.482346397
89.55441309	15.10965903	176.0110241	16.38571006	47.65889193	10.2502318
76.68794588	16.74279068	113.2399032	7.014491543	84.49638824	72.06363266
10.76916102	24.12789279	225.2809501	78.24703862	4.656283006	26.4408696
25.73118576	4.160510273	191.2879305	62.86246251	45.77577069	50.96238529
87.5770529	8.43158529	37.30441144	15.58562904	49.76723832	69.21358215
32.61054435	1.720582884	142.1281637	75.76599734	7.50359714	25.94030437
71.58443805	32.09955734	110.8043943	34.29994262	82.50879963	35.823521
63.85184593	25.13868573	130.0346136	69.10361967	14.07401837	66.31624636
52.74630653	25.90021731	239.3680938	15.83769357	17.13295994	69.77441207
86.99382117	1.045098804	253.922844	94.37665916	28.80593264	60.49265519
79.57301082	5.557771557	163.4683003	25.87327308	1.340727451	79.24681911
18.91017727	35.45724863	95.67724021	31.68754166	13.15289813	15.94503108
29.37599784	15.83513803	195.3945999	94.52312223	19.59126966	38.81474457
10.10040198	24.66662071	216.1981139	11.79250548	87.23714227	54.66514732
39.91901475	23.40495044	91.55314384	17.0604995	71.73181765	38.9839442
94.32262481	8.103117487	109.3098514	66.70440155	32.49300912	14.17238314
21.60174648	13.20181596	224.7994556	41.0568267	51.97854362	14.20271682
40.2707534	15.18272216	232.83672	75.84138289	59.80387542	30.29614225
21.09493817	0.9257698282	149.2314401	80.92065048	50.15463722	86.68229458
30.24760455	4.391130203	117.3313208	58.13316962	19.32244214	74.10691298
15.90451552	34.5050188	255.8309751	62.57553694	40.42552178	76.46306961
83.70967651	2.345690512	109.6201204	14.64873007	6.415279832	88.16301467
7.586146783	29.24095429	190.5165993	62.47555112	8.993601426	34.09758223
96.60964142	21.03367818	74.48455643	52.960609	66.6536239	16.96159994
80.46877744	39.188181	179.3887601	33.93181662	39.66658189	51.97694773
99.67920145	26.64971426	156.0357474	81.88966103	77.076041	48.43702019



# Generated with parameters N = 40, R = 1 and D = 5