20
22.39761207	20.89236039	73.34672931	43.98355472	94.68360166	65.92724436
5.117301272	25.67484092	416.1695106	37.94060141	22.19622582	38.81472379
51.23259955	0.9098982059	377.6470331	63.02457447	73.7272733	4.685596803
24.74125283	51.92072002	512.4453431	87.51265602	64.97139649	87.43085063
75.13737777	59.52226592	233.4147665	88.58085562	29.29497837	9.343290497
16.09479547	64.69864592	245.4633278	74.20746216	43.76051996	52.18499304
14.77399603	1.59890648	96.51111383	72.27478472	2.53714153	92.43412172
5.878958024	42.1336333	385.9519172	86.31722127	73.55945393	95.59612925
56.45622985	2.924516643	222.3400903	8.796519542	23.78537865	63.21734986
38.8741488	3.768008016	333.4901027	64.57221599	9.95836098	35.10713101
9.80752415	49.57142262	193.7576573	61.85232226	2.30657251	14.18520086
83.24954538	13.32614857	212.5886963	29.85809372	32.4135243	53.55573215
83.74152603	68.10178665	366.4984987	80.39914848	30.29844193	65.56379687
76.48281432	75.90703995	297.1608109	80.32647423	39.60994081	94.29283987
63.34119426	91.65807379	461.4786793	14.41387013	11.83853856	82.13900585
85.45238136	60.89186206	355.5389441	58.28161923	68.42893512	30.1381107
10.33018657	62.60654772	127.3311739	23.33567729	17.0169706	41.47941327
61.29919509	99.64208462	446.3289736	68.76952715	11.85418037	76.81756768
82.16839964	90.79447503	195.2109772	51.04191807	1.917589048	73.3082363
57.55544745	12.64758355	185.3366106	42.82564715	98.30836114	41.18046349



# Generated with parameters N = 20, R = 5 and D = 20