20
6.490469284	256.1965223	345.2970515	88.53773018	60.78753111	87.33679443
78.07600834	1.460757063	71.35729745	63.25226733	58.03447191	64.49958969
71.33094002	145.3096815	159.6371914	11.92588429	91.51350312	36.2200957
3.958587225	85.55916516	175.4315598	88.64708651	69.30011967	11.26956405
56.66632939	9.634155204	72.06244108	51.53051768	1.37537341	5.944581242
32.04129807	109.5202404	148.8238253	24.6189783	59.11097298	9.597456192
6.563055724	163.1102227	207.804521	34.08985682	47.05117811	68.62217562
3.11647285	10.57789398	98.78426863	85.09532783	86.49409905	67.88197074
98.96251142	162.6177314	233.8596027	63.5882274	52.35798646	87.98326684
70.01711268	8.525165546	92.55076915	73.23381311	52.05435885	42.17914093
19.16057556	35.1281538	51.46639743	5.407417447	84.00789211	58.63543858
84.78929738	43.71025768	135.4793316	82.59098761	67.12551863	98.78360985
32.96593807	346.9583292	376.2908947	15.44724323	84.32472499	3.120391057
78.82702321	267.9580721	291.7959502	20.25583962	50.35585062	57.71541426
15.79633757	383.7769188	482.7191639	92.66255714	26.18106808	21.41879405
54.72788689	7.076483616	17.56634061	2.784046027	19.32177627	57.65630242
87.91077907	177.2488144	268.0985707	73.8279137	27.56127792	31.74817931
71.31138707	262.7555451	293.8877725	26.04512902	75.62835989	89.12687847
57.74819394	103.0047538	125.5790367	7.867043006	47.92785135	28.69231984
58.4540673	107.964101	206.9521056	86.85920033	59.18929054	66.02188397



# Generated with parameters N = 20, R = 20 and D = 1