30
3.96014366	163.0290422	400.548494	24.49213117	39.42688913	31.85619506
93.55598039	182.1269847	760.516727	90.20822329	69.05595974	6.190927886
84.36229461	117.7264347	426.6579106	75.55906498	55.19925507	82.92874373
41.01849737	71.10485296	471.159834	53.4472832	1.178255641	86.98914428
17.6542548	210.891058	415.6124367	98.03801781	45.75606319	46.38029961
35.16799569	172.9185491	610.1266072	98.65760009	57.60346425	1.610273337
65.44517963	27.28746154	421.2025706	89.23040318	89.11468972	47.88233682
52.08519887	248.4341741	437.9592777	87.34170258	63.47140434	16.89986044
13.07963063	133.5936078	681.2242047	27.38789564	4.647815808	41.40316167
24.70485175	240.1090373	448.533613	41.71923219	39.7157277	52.90709406
64.08651116	27.67161502	421.2234971	3.945882406	37.54919891	27.39906409
31.92159519	292.6226528	502.8260105	42.22812673	44.8084722	84.32726442
54.74529487	123.3094157	530.0219014	21.49278825	55.89015133	82.89787406
60.27361629	277.4099338	731.2082303	67.86766229	44.20396343	53.0196767
93.43851732	8.091332852	674.9200657	78.30250084	51.90687394	92.28971783
94.83542272	196.442343	379.1976437	86.78391404	63.63682823	48.34447615
6.052389701	198.8058958	783.5451756	19.74853308	53.14801154	42.27922524
23.77920107	187.8130557	667.4068093	60.02771601	79.3401327	11.82344256
99.12641097	188.0777743	647.9866736	35.42185788	41.8269396	91.01507653
8.558891046	106.4942232	168.4860604	53.29149962	89.77127131	68.39740024
18.12367533	106.3877166	358.4461362	35.5493589	84.0035345	34.2231629
34.51183025	76.14539776	674.4511243	75.61093813	61.97800577	53.85246344
36.8684192	39.23915466	654.4309374	16.22688082	10.95319571	59.33042992
44.93592305	221.7492779	829.062473	54.90806542	47.65384266	95.65561182
58.80173611	129.9812662	452.3000172	19.56219156	8.935320043	96.85527276
4.076932109	277.8951115	618.9983434	81.21385542	83.19392688	96.60302594
26.154929	169.7622651	628.6819161	4.944726554	77.36026733	37.77296087
43.54786897	71.15148628	436.7644078	23.45985315	45.99851393	29.50072178
19.16006014	248.3117346	852.5844005	65.60049126	50.17003116	74.75781344
77.71528976	178.3575434	422.9622899	86.59153533	5.603161007	84.51282851



# Generated with parameters N = 30, R = 10 and D = 20