30
67.41339204	11.13506187	179.240371	69.45924184	66.5465276	21.7496159
97.11838596	3.499442788	136.6535109	53.98108835	94.22734145	9.972745596
64.34671969	21.5246577	162.1133586	28.86225611	16.13190469	68.01293624
72.94481549	15.94283928	185.046748	28.54623166	34.93347864	63.43925599
20.41390544	28.95714475	150.5378215	63.9266121	58.24632044	29.9074633
67.52156642	20.43600122	184.5281035	61.56259508	7.987773335	62.51501513
95.01015411	17.27998518	124.7659042	21.37844156	72.95474013	58.9927264
42.77117642	20.5967997	158.180433	49.88118531	40.52696099	43.29341441
82.91820466	12.98038716	188.2270239	51.41612942	82.42402218	76.89891972
85.42537125	9.516644026	218.2073109	83.17653418	90.30409111	31.68817719
26.9757688	3.536066788	135.2417497	92.8306018	92.6163806	59.19938413
93.25937031	8.978340981	189.1377661	61.8172855	33.84224206	86.98400487
4.978853332	24.51945477	122.4246235	25.60572114	78.77700469	4.659315305
62.67167336	1.500267596	189.4011375	99.36046357	39.33370007	93.07987894
35.5222806	7.82708281	146.5001644	26.16867175	16.39742079	90.54321705
12.7062312	12.73803871	98.96912816	40.65751898	18.32830255	62.72496871
42.13096357	28.02152424	82.31587143	11.34219642	66.58819032	71.71446702
32.81802985	7.930991128	100.7287797	33.81910421	50.10134403	20.44312757
18.84492215	25.53555711	117.8028487	60.2111048	76.0660628	96.65196463
36.89748353	20.35146045	138.5885116	88.42076015	17.12456831	30.82032826
18.23874248	28.48299983	137.0722131	52.38771165	25.11947622	92.03893697
73.56274708	9.685451883	120.1106265	74.90123399	22.1578758	84.08887585
76.65180617	18.45928876	117.9730785	47.26406513	13.83243268	15.83223752
8.453479067	9.18215035	118.898871	49.63348014	68.01416841	35.74262637
55.99308581	28.65253596	87.17703643	21.60304432	64.84082059	75.73002332
85.66990413	17.35622146	118.3676021	3.257954002	63.83695486	49.0017044
15.36518713	19.22103132	78.64417482	13.735489	36.03564574	81.82956262
30.74182058	15.13817701	227.8529081	72.61954279	72.04545286	96.34293287
87.50305596	0.7952567684	73.92452851	4.906658938	60.79325508	70.89624001
32.85410038	2.300940522	188.0160825	85.47272842	97.37802297	21.30147742



# Generated with parameters N = 30, R = 1 and D = 5