15
79.43459527	9.166288334	165.5458706	83.85801371	92.07937784	76.83338912
49.04675735	13.19625163	261.7765884	35.61764716	6.870491207	48.69312587
73.98446277	91.50770074	389.0632713	67.96885963	83.31451462	44.19183121
49.4013634	83.35870757	391.7730231	40.20182048	13.73792414	14.59288295
33.17520567	125.9909503	257.360788	26.87482474	74.35060364	31.74699357
6.8983321	127.5706113	352.7781404	3.808338882	41.6901407	40.59863451
60.63273278	115.6022206	268.7970283	17.18764474	71.96874625	54.62354685
82.42131671	19.46923983	340.8878714	75.79271395	87.70417462	15.97244657
8.96688442	74.59747058	356.0737676	66.90725683	65.69289523	7.635185245
75.36586172	38.48839519	188.206784	23.30649179	55.22460096	67.62456863
11.12092269	28.60557964	372.3621202	92.59987449	58.47040443	6.539610763
19.30686554	97.95465992	223.4075305	64.55541803	77.48667568	32.23454677
2.863274286	19.40238069	141.7537785	1.479719389	55.40697995	23.32346757
27.6518654	97.02831815	153.9002056	32.35548147	98.62840002	63.05265415
51.18551236	48.10824265	397.9945833	77.37195794	87.73192968	42.15511791



# Generated with parameters N = 15, R = 10 and D = 20