15
4.774534188	107.332694	168.6078866	57.71981646	13.25066074	89.99798348
4.386861342	228.8250176	321.1660462	91.15646818	16.30316038	91.79185155
45.65862717	263.5335906	299.1131961	22.19419314	81.4670801	16.55753315
28.37893903	193.9396719	256.5341584	48.66577362	77.84808771	89.18596132
58.15143074	256.5304614	354.8289259	95.79830855	82.19410751	25.73924418
34.07901811	280.1405212	312.4762836	27.29471273	26.01568645	13.14867445
63.57501234	174.642144	244.8551178	65.58760175	38.11231081	41.04905395
29.86971394	63.82174238	133.9636453	58.54650045	9.401956758	54.60999808
41.29380823	187.2558578	241.6004612	53.24713714	22.94720444	83.13764537
49.3714582	192.0048819	243.10229	41.8702112	1.882768719	51.31253134
31.82876742	201.5607544	284.3213512	78.55953575	18.31169514	1.937987342
9.540005629	197.9041625	279.8428362	76.89707434	39.17766743	96.76654478
61.05627845	27.85157054	123.1100422	83.82036313	63.06197194	64.83643177
28.09755645	58.06920614	131.0998642	71.84995546	66.93412417	53.09101386
12.54804321	64.61166637	127.2472794	52.74561042	9.628780841	46.18027052



# Generated with parameters N = 15, R = 20 and D = 1