20
69.95989826	163.0459814	211.380934	41.79731045	66.67816034	59.71551444
76.70274903	132.4353157	315.0208576	82.94086843	75.82670152	59.0668097
99.32540763	112.9931033	169.2071377	43.20662445	38.67903961	14.07392586
29.46785866	72.18953635	174.3880375	17.23113733	8.142382988	14.01311273
23.37569578	25.01618501	123.3957757	92.70224248	65.90541424	37.35447155
41.64016604	6.557589424	75.80358002	31.10755209	75.69486477	25.12351395
11.21724852	61.14592005	95.03206876	7.415462194	39.43889681	44.38521736
70.23195881	45.26219951	186.7539535	76.88435839	67.03161078	35.1540048
21.71572291	47.22525547	75.35552656	10.127809	65.7081522	21.30935816
77.93491318	160.3764145	266.4483783	47.51858613	93.2221158	4.919460669
54.70285369	186.820126	259.3078191	23.11096697	93.63696165	55.87948048
96.47054776	3.976433236	105.9167144	77.21969995	83.115449	80.93514297
81.03605956	170.0764636	267.6874904	91.90745068	46.26246702	50.80954578
33.90182192	109.8979401	137.914123	18.44420107	99.76926664	94.02034855
91.62275208	44.97504862	176.5989294	61.84690055	50.63994744	79.42429852
29.35782354	49.51616482	115.9608756	7.355291524	70.91613604	69.15836659
62.58754228	86.38663492	121.8033259	6.899769929	88.03816749	99.67690491
22.18942778	65.31282157	134.3845283	40.39713965	59.97579235	30.74311695
53.23296885	139.8281525	218.6895748	61.58275862	9.045594892	3.165048021
61.72115443	18.31822563	191.5838705	95.89654402	10.56046662	40.29379422



# Generated with parameters N = 20, R = 10 and D = 5