20
53.77192634	0.7571407622	339.1484341	65.37429892	54.72943911	16.84928216
8.666128539	8.423482267	260.5778693	54.21300344	53.05419447	52.28202823
23.52478445	13.75401485	255.7200911	29.74931809	52.09960421	26.24798841
49.54451786	14.91203512	393.6443349	87.30291134	15.97796794	16.1251529
36.53032693	4.50930311	278.0135113	54.27155246	26.60321323	74.41925613
68.18193684	15.66154852	361.7716507	95.25205841	32.09162495	94.88315073
18.35125447	6.297165154	391.0853985	48.44185346	67.21600372	95.32473909
37.54440424	3.177547409	312.2141854	76.01047692	47.56326741	96.27408851
79.62675688	17.34968354	366.9599276	57.84198322	56.30969361	24.00317077
54.35641003	11.20569182	310.3046738	71.26612029	11.6973077	4.395729133
68.6950866	17.7191791	203.5578012	56.24004508	71.47992688	73.05073659
54.35691615	16.55830463	396.5844096	80.9650027	94.17492613	60.57423008
57.02335094	2.018587562	280.2921802	89.13565615	66.1721689	76.83889114
68.96004831	14.22915933	299.2132534	57.60463956	37.51779541	62.83918805
31.58386374	10.17214109	354.1471313	44.36014512	32.6022808	78.91288693
90.58204644	1.816888172	371.8287907	61.1854834	88.4134997	20.98179984
44.57978036	2.461691045	339.9063309	74.29465849	67.21638278	31.28467589
96.91424122	17.11775663	310.7977813	23.93235995	13.67303825	91.29148999
65.04981709	12.40494191	126.0843866	82.36062221	55.81915852	66.3526757
63.51028781	9.626433167	443.6728761	45.48775754	55.04168824	51.4838321



# Generated with parameters N = 20, R = 1 and D = 20