20
92.09154975	4.75986449	388.8736886	31.31239243	37.12425668	81.75540863
53.29020127	0.6285056215	161.2252291	55.04128513	24.859471	2.350962539
68.31219908	17.61818884	304.4389693	42.38347624	81.49614342	21.0575646
22.76383381	16.8310058	328.7529347	76.49884678	37.31338943	90.33440779
40.43430287	18.13738128	124.1167832	17.14484162	21.34934689	42.18243888
39.01070412	19.0458112	337.1022711	7.698121285	14.24697306	16.8685308
47.76026611	7.620482282	314.0499834	29.12272761	35.42146458	4.693749232
36.08224779	9.945448304	384.2465638	27.96376717	99.87229337	34.44344976
74.09586784	14.9200688	87.81738753	64.29675199	17.26623446	82.66972884
27.37283916	9.554638578	362.69237	31.98078634	22.08407015	71.35993649
44.72227675	19.77259707	283.1720958	73.75711568	57.2388192	47.2714499
48.59092142	6.397427259	105.0168462	54.03868253	32.4967834	91.50242794
17.05125492	8.287484083	93.68577772	25.62301691	64.56837051	20.91948378
44.01225816	5.531705277	141.772582	72.08606955	86.96515937	30.57475329
89.39105444	16.79946475	399.0222852	42.36410953	36.33138798	40.7277968
20.75279533	9.061130882	208.2586817	87.16038687	66.14555257	82.59127644
10.0379251	9.793080461	381.6026334	91.34448228	10.30015053	1.031611989
60.43945382	8.037618155	336.9806096	96.8282792	70.09043411	83.46897249
56.57743899	19.14031907	450.3890537	69.54020522	75.23301678	43.19528668
26.35770261	10.99162326	456.9311144	78.74567223	46.96635492	33.22171027



# Generated with parameters N = 20, R = 1 and D = 20