40
50.18352866	153.5389116	589.0277623	58.55318884	63.48430468	12.37546079
14.41487845	90.5190796	376.1267465	43.3543445	93.6869351	67.69020882
71.16517543	152.9482126	625.6113332	97.73403324	24.43769631	57.80403743
4.486797443	65.09044456	290.7533947	37.81545472	6.456090417	5.024662344
29.4485106	186.0384466	585.0383902	48.87399713	19.75665128	33.13739303
7.300392404	152.2654611	565.0078784	33.59801153	47.55599878	80.65418603
39.96761046	157.7473577	279.4701774	82.90367192	5.738507734	48.73516746
75.57268638	27.56467162	163.7755043	41.40352625	37.96916396	35.54979357
75.13123766	64.20697199	422.8304776	62.74012779	72.10212396	7.751133419
42.12317821	158.7476863	468.0903558	98.23469611	27.70689874	29.25626271
56.96113637	8.155147372	62.83684246	16.06891853	66.09580429	10.18626309
67.53452081	130.5047796	494.5326912	44.37489082	97.55300571	92.67050043
66.97714922	75.06704325	233.5762091	12.50013683	60.40837319	68.72045174
98.68847752	25.9327553	318.0579662	25.33742971	63.79968039	80.26282499
35.48941709	41.85276516	420.6036286	69.7793979	50.92377223	44.66358915
63.41736168	183.5487108	328.2848471	1.181476847	5.983833043	49.6910715
94.98951986	50.32583668	188.781845	11.19370266	60.04551324	41.4312383
91.87658032	89.7973892	250.8204053	97.75560162	20.84910955	63.90105589
97.3049412	32.63958354	265.4872973	29.59135172	28.62269534	58.83718946
23.78586967	22.55060286	328.2384567	2.317426271	78.56086558	4.92515546
89.57039107	8.574818615	217.3903324	47.78437814	27.82611168	41.34744691
17.94581412	81.49703752	180.5086353	17.72350275	58.45510548	53.53845706
46.46967489	199.2861337	411.2932703	8.036811161	66.13951665	35.26102258
26.50119783	0.176767494	49.47195036	22.43366379	43.45711269	87.29209579
66.0975043	188.1197572	310.1992807	25.96616956	78.65380829	18.57065137
64.0358108	36.78482924	471.3710839	50.6192321	70.61315868	40.05658027
53.63200927	126.5486601	219.3424764	88.42560389	36.60019591	28.3115518
49.53355852	159.5612241	398.2108251	31.4249911	57.44549403	14.14959864
44.12269475	101.9383638	241.3391201	19.99475088	79.79412955	75.04189143
57.86343341	56.0648375	323.478682	88.58649535	90.89938468	93.79807899
78.68071927	38.3998269	236.1404658	4.881759631	82.06565586	52.20212959
5.066478187	100.4159487	301.464831	17.93818038	95.98033312	27.46204894
32.51413249	172.0514308	511.8652757	4.798839155	46.54997903	50.02544894
2.384056691	39.0748111	163.7790001	92.68277445	98.11054315	95.31541268
57.21231229	163.0888742	220.0101404	15.4138212	7.902294399	76.06783768
68.69955344	127.06527	377.3081865	9.419648365	16.25307327	34.82924639
65.74505773	197.4407972	245.4286338	12.47338049	49.7893138	28.11589202
68.60385323	190.4769741	486.1926653	69.42078275	4.700172871	94.45612596
87.22721617	70.73124462	220.2549192	65.85978982	33.48675439	85.89190792
10.7941385	85.62794867	244.2791902	87.33793353	5.946543464	97.45585852



# Generated with parameters N = 40, R = 5 and D = 10