15
71.3007224	2.308232471	76.75296325	68.85287825	34.6150412	17.98698637
53.4379454	12.94457531	124.8602769	99.46489694	41.70034269	47.64887533
87.83349253	3.396710057	107.9987532	88.97842532	77.11083313	50.36182549
96.09600493	2.246437643	71.4825982	29.68573334	93.86488628	47.69107782
62.36706305	0.3533512166	60.42926455	45.41494046	19.04818367	97.08616476
37.74314501	2.468545743	98.91522301	77.92037004	4.363878637	65.82192448
16.90353336	13.78757365	140.6817257	83.53667276	19.98966614	22.53161753
33.27345212	6.385154525	90.6100125	67.09277101	68.23253794	17.7470661
24.52576021	1.463158468	108.9499699	56.73855879	93.34186491	85.10564372
32.31452764	12.23586049	130.134263	75.53147487	54.75135245	25.15788165
99.83451265	3.951773673	83.45368896	13.90965797	5.09808405	62.17536137
20.25263627	3.460215589	109.0819426	61.69428027	51.1363956	93.32908784
96.78191804	4.140283152	17.66688873	10.57131014	83.61145798	22.85839524
38.65862733	3.210760035	115.1515455	95.69502417	30.49816511	34.64669971
95.69513768	12.9202906	119.1034565	33.99524457	27.96888339	79.02316366



# Generated with parameters N = 15, R = 1 and D = 5