20
22.05756887	2.020475573	365.7217346	17.57021347	92.52143677	81.87945732
65.19138224	44.44158619	172.1466308	59.87652762	69.87867447	53.11870136
64.38977835	51.51870312	311.570852	24.02481911	17.85772982	19.77766506
81.12139251	195.9476484	404.6874778	53.27900405	60.38634502	92.64986161
69.32802315	172.9176601	488.0752461	55.96671012	44.83655022	18.05086942
42.10169839	199.8855777	415.889888	44.74265638	93.3391215	83.35322692
78.67068538	79.64708218	513.3344957	78.42323765	67.15093316	8.105365253
90.59372423	25.39524223	214.8166395	36.99607104	57.60848032	86.14949321
6.503112809	27.63069441	212.1084158	39.03344903	52.96750199	82.75085491
33.38802034	30.23991629	290.4309285	87.1267455	23.37672979	82.75478896
3.254476315	130.1249793	433.5033669	24.5495142	96.29401519	90.7819984
66.7722847	135.0813979	197.424857	16.54184949	74.75544433	13.18500375
16.21886163	117.5954776	454.8118271	33.02216347	13.01972889	68.87898103
66.08861508	74.00876445	403.2450027	87.38512161	48.0607558	2.271246101
12.94603161	67.24697715	216.3795045	75.14616791	87.84876111	47.47506447
54.81322446	104.4473742	494.8720174	76.11726298	13.74684379	99.92214055
21.15670398	165.7463372	559.5393289	33.73810008	66.05732913	64.42517594
41.87593509	155.8418615	633.8506037	92.75009549	84.28794867	6.722228257
18.23151254	12.7370567	191.0819983	26.7676409	8.363855258	61.74844816
26.29949509	159.4823066	450.2771604	3.788023824	27.19541495	30.13809211



# Generated with parameters N = 20, R = 10 and D = 20