30
85.32761885	7.083770434	92.74198461	79.4598958	45.83054006	32.15362757
57.77365997	164.2724592	285.0529222	39.56818041	71.58205403	15.93743792
43.1301985	9.65916262	68.48831878	22.89522272	36.45708324	51.24190295
44.04725532	60.91892294	114.7703188	6.00852344	75.4455062	8.66124458
1.484727722	69.99739879	226.8428331	60.61214291	32.37249354	12.7494794
65.09879753	179.7105192	326.7794043	54.41113518	3.69248036	80.27492085
89.56036238	120.190099	270.0119172	30.34415296	43.97654009	4.843787007
45.74702436	153.8898379	288.7827505	37.30081122	50.82407616	7.972061979
10.34940035	188.8372313	241.55305	19.54859528	62.52107989	95.62492857
38.99609741	242.8750067	393.4557912	12.39091961	54.55710532	82.2797266
59.39725276	11.87880367	122.308378	51.82316043	70.38882461	20.72137004
35.69744971	98.41765061	278.371862	35.07328845	40.87659014	33.36132204
45.24593605	140.2736155	186.6708475	33.01539157	69.06995971	41.03677152
23.84633746	140.2694296	309.6114873	22.49094353	86.80063187	68.80488031
32.751458	128.5255315	275.565295	54.64980664	48.93044512	6.911171024
68.46296111	245.7133657	458.8134433	72.04584744	75.35269979	24.47598305
19.85688891	290.8443762	386.4234987	21.48861123	73.57821266	27.7432089
63.93375052	244.0500597	452.1594126	77.04790127	47.73761675	92.99410354
86.75690212	257.2700169	348.0421486	14.00872406	65.60840934	83.89994392
80.94857076	112.2662645	233.4561534	49.46618153	40.13059943	90.07637543
25.28658768	194.1558613	349.5968429	74.46677896	53.4920779	59.17738292
45.55285408	3.096067155	105.8659294	73.67686239	54.52335751	75.69523193
23.5637943	38.69996568	180.2096031	67.52399666	76.92844294	48.07771689
96.51737725	201.3871673	292.788293	67.03745552	21.59801006	51.83684144
2.361647221	94.37360372	251.8442355	32.01037122	54.77643081	58.37749748
71.6756006	187.2224428	309.273375	34.0480439	16.20303615	59.7331968
38.518058	118.1919773	221.7450431	15.0495704	73.46726835	71.23472956
52.82044474	270.2234994	376.5264958	22.61867295	25.42794526	56.81740975
86.75818396	50.06750627	165.6655274	16.5017254	50.57326027	38.90469726
4.58572427	117.138578	162.3795291	7.156853638	41.67480665	43.93698172



# Generated with parameters N = 30, R = 10 and D = 5