20
97.0198752	0.9791169496	384.9288166	44.68485072	85.63775149	9.730896531
79.71447119	32.47126509	211.317212	66.94320548	55.93328791	64.74557105
17.99797427	93.04242279	147.4054986	15.06167991	18.80102627	45.94436382
60.14583858	75.4254696	106.6780701	28.25502987	44.29174127	34.80931985
43.66167005	14.82951699	294.626835	5.034027219	23.44487623	72.49389292
68.34749468	62.92452169	365.0310964	68.14386147	86.09306519	87.27099327
68.75629102	74.41143837	409.9771868	64.06352154	19.33634972	16.07974914
71.19172036	4.103819867	239.4337754	45.21265485	81.24312398	21.43993731
39.8106138	21.8590458	113.4569186	5.306174452	36.21094431	51.82057804
39.07210258	83.81992266	487.1064249	82.61673026	55.24839846	6.288260397
64.24299153	17.574803	321.2367562	14.09625363	56.20722345	63.5220824
96.87720485	49.74785205	455.3545556	92.75878173	56.64251136	99.98169087
83.53242396	35.52717703	102.3045731	3.51017112	96.08156595	64.63127147
84.9522051	35.25020388	309.6210568	74.13550616	21.44131219	26.00924452
33.95357951	38.62708821	215.9426285	31.34324905	23.84888418	20.11118404
52.91218359	22.63342401	120.2617745	24.14340629	92.38520556	93.41741012
95.42327404	19.28040603	468.2866796	75.05261076	50.83451854	12.80240173
63.54075873	55.60661325	408.9617481	85.01205567	15.63972076	39.89970974
89.78624397	32.92217127	336.1185671	88.69357582	26.83218253	21.12724756
23.918123	25.03106937	446.6046452	89.12608954	53.37570811	40.79215012



# Generated with parameters N = 20, R = 5 and D = 20